1,1,1,0
1,2,1,0
1,3,1,1
1,4,2,0
1,5,1,1
1,6,1,0
1,7,1,0
1,8,2,0
1,9,3,0
1,10,3,0
1,11,3,1
1,12,3,1
1,13,3,0
1,14,4,0
1,15,4,0
1,16,4,1
1,17,3,0
1,18,2,1
1,19,1,0
1,20,2,0
2,1,4,1
2,2,4,1
2,3,4,0
2,4,4,1
2,5,4,0
2,6,3,0
2,7,2,1
2,8,3,0
2,9,2,1
2,10,3,1
2,11,2,1
2,12,3,1
2,13,4,0
2,14,4,1
2,15,3,0
2,16,2,0
2,17,2,0
2,18,2,1
2,19,2,1
2,20,1,1
3,1,3,0
3,2,3,0
3,3,4,1
3,4,4,0
3,5,3,0
3,6,4,0
3,7,4,0
3,8,3,0
3,9,2,0
3,10,3,0
3,11,2,1
3,12,3,0
3,13,2,0
3,14,2,1
3,15,1,0
3,16,2,1
3,17,1,0
3,18,2,1
3,19,2,0
3,20,1,0
4,1,3,0
4,2,3,1
4,3,3,0
4,4,2,0
4,5,2,1
4,6,2,1
4,7,1,0
4,8,1,0
4,9,2,1
4,10,2,1
4,11,1,0
4,12,1,0
4,13,1,0
4,14,1,0
4,15,2,0
4,16,3,0
4,17,3,0
4,18,4,0
4,19,4,1
4,20,4,1
5,1,1,1
5,2,2,1
5,3,1,1
5,4,2,1
5,5,2,0
5,6,1,1
5,7,1,1
5,8,1,1
5,9,1,1
5,10,1,1
5,11,1,0
5,12,2,1
5,13,3,1
5,14,4,0
5,15,3,1
5,16,4,1
5,17,4,1
5,18,4,0
5,19,4,0
5,20,4,0
6,1,1,0
6,2,1,0
6,3,1,1
6,4,1,1
6,5,2,0
6,6,3,0
6,7,2,1
6,8,3,1
6,9,2,1
6,10,3,0
6,11,2,1
6,12,2,0
6,13,2,1
6,14,1,0
6,15,1,0
6,16,1,1
6,17,1,1
6,18,1,1
6,19,1,1
6,20,1,0
7,1,2,0
7,2,3,1
7,3,4,1
7,4,4,1
7,5,4,1
7,6,3,1
7,7,2,0
7,8,2,1
7,9,3,0
7,10,4,1
7,11,4,1
7,12,4,0
7,13,4,0
7,14,4,0
7,15,4,0
7,16,4,0
7,17,4,1
7,18,4,0
7,19,3,1
7,20,3,1
8,1,4,0
8,2,4,0
8,3,3,0
8,4,2,1
8,5,3,1
8,6,4,0
8,7,4,1
8,8,4,1
8,9,3,0
8,10,3,0
8,11,2,0
8,12,1,1
8,13,2,1
8,14,3,1
8,15,4,1
8,16,3,0
8,17,3,1
8,18,2,0
8,19,2,0
8,20,2,0
9,1,1,1
9,2,2,0
9,3,1,0
9,4,1,1
9,5,2,1
9,6,2,1
9,7,1,0
9,8,2,1
9,9,1,1
9,10,1,0
9,11,2,0
9,12,1,1
9,13,1,0
9,14,1,0
9,15,2,0
9,16,1,1
9,17,2,0
9,18,1,0
9,19,1,0
9,20,1,1
10,1,2,1
10,2,2,1
10,3,3,0
10,4,4,1
10,5,4,1
10,6,4,1
10,7,4,1
10,8,3,1
10,9,3,0
10,10,4,1
10,11,4,0
10,12,4,0
10,13,4,0
10,14,4,1
10,15,4,1
10,16,4,1
10,17,3,1
10,18,4,0
10,19,3,1
10,20,2,0
11,1,2,0
11,2,2,0
11,3,2,0
11,4,3,0
11,5,2,1
11,6,2,0
11,7,3,1
11,8,3,1
11,9,4,1
11,10,3,0
11,11,3,0
11,12,3,1
11,13,3,1
11,14,2,0
11,15,3,1
11,16,3,1
11,17,3,1
11,18,3,0
11,19,4,1
11,20,3,0
12,1,1,1
12,2,2,0
12,3,2,0
12,4,2,0
12,5,2,0
12,6,1,0
12,7,2,0
12,8,3,0
12,9,4,0
12,10,4,0
12,11,4,1
12,12,4,1
12,13,4,0
12,14,4,1
12,15,3,1
12,16,4,0
12,17,4,1
12,18,4,0
12,19,4,1
12,20,3,1
13,1,1,1
13,2,1,1
13,3,2,1
13,4,1,1
13,5,2,0
13,6,1,1
13,7,2,0
13,8,3,0
13,9,2,1
13,10,3,0
13,11,4,0
13,12,4,1
13,13,3,0
13,14,4,0
13,15,3,0
13,16,4,1
13,17,4,0
13,18,4,0
13,19,3,0
13,20,3,0
14,1,4,0
14,2,4,0
14,3,4,0
14,4,4,0
14,5,3,0
14,6,2,0
14,7,1,1
14,8,1,1
14,9,2,1
14,10,2,0
14,11,2,1
14,12,3,0
14,13,3,0
14,14,4,1
14,15,3,0
14,16,2,0
14,17,1,0
14,18,1,1
14,19,1,0
14,20,1,1
15,1,4,1
15,2,4,1
15,3,4,0
15,4,4,0
15,5,4,0
15,6,4,1
15,7,4,1
15,8,4,0
15,9,4,1
15,10,4,0
15,11,3,0
15,12,3,1
15,13,3,0
15,14,2,0
15,15,2,1
15,16,3,1
15,17,2,1
15,18,1,1
15,19,1,0
15,20,1,0
16,1,3,1
16,2,3,0
16,3,4,0
16,4,4,0
16,5,4,1
16,6,3,1
16,7,4,0
16,8,4,0
16,9,3,0
16,10,4,1
16,11,4,1
16,12,4,0
16,13,4,1
16,14,4,0
16,15,4,1
16,16,4,1
16,17,4,0
16,18,3,0
16,19,4,0
16,20,4,0
17,1,3,1
17,2,4,1
17,3,4,1
17,4,4,1
17,5,3,1
17,6,2,0
17,7,3,0
17,8,4,0
17,9,4,0
17,10,3,0
17,11,2,1
17,12,2,0
17,13,1,1
17,14,1,1
17,15,2,1
17,16,2,0
17,17,3,0
17,18,4,0
17,19,4,0
17,20,4,0
18,1,3,0
18,2,2,0
18,3,3,1
18,4,4,0
18,5,3,1
18,6,4,1
18,7,4,1
18,8,4,1
18,9,3,0
18,10,4,1
18,11,3,0
18,12,2,1
18,13,3,1
18,14,2,0
18,15,3,1
18,16,4,0
18,17,4,1
18,18,3,0
18,19,3,0
18,20,2,0
19,1,3,0
19,2,3,0
19,3,2,0
19,4,1,0
19,5,1,0
19,6,1,1
19,7,1,0
19,8,2,1
19,9,3,1
19,10,2,1
19,11,3,0
19,12,2,1
19,13,3,1
19,14,2,1
19,15,1,1
19,16,1,1
19,17,1,0
19,18,1,1
19,19,2,1
19,20,2,0
20,1,1,0
20,2,2,1
20,3,3,1
20,4,4,0
20,5,3,0
20,6,4,0
20,7,4,0
20,8,4,1
20,9,4,0
20,10,4,0
20,11,3,1
20,12,2,0
20,13,1,1
20,14,2,0
20,15,2,0
20,16,1,1
20,17,2,1
20,18,1,0
20,19,1,1
20,20,1,1
21,1,1,0
21,2,1,1
21,3,2,1
21,4,2,0
21,5,2,0
21,6,1,1
21,7,1,0
21,8,1,0
21,9,1,1
21,10,1,0
21,11,2,1
21,12,1,0
21,13,2,1
21,14,1,1
21,15,1,1
21,16,2,0
21,17,1,1
21,18,1,1
21,19,1,1
21,20,2,1
22,1,2,0
22,2,1,1
22,3,1,0
22,4,1,0
22,5,2,1
22,6,3,0
22,7,2,0
22,8,3,1
22,9,3,1
22,10,4,1
22,11,4,1
22,12,3,1
22,13,2,1
22,14,3,0
22,15,4,0
22,16,4,1
22,17,4,0
22,18,4,1
22,19,4,1
22,20,4,0
23,1,4,1
23,2,4,1
23,3,4,0
23,4,4,0
23,5,4,0
23,6,3,1
23,7,4,0
23,8,4,1
23,9,4,1
23,10,4,0
23,11,4,1
23,12,3,1
23,13,3,1
23,14,4,0
23,15,4,0
23,16,4,1
23,17,4,1
23,18,3,0
23,19,4,1
23,20,4,0
24,1,4,0
24,2,4,0
24,3,3,1
24,4,3,0
24,5,3,1
24,6,3,0
24,7,3,1
24,8,4,0
24,9,4,1
24,10,4,0
24,11,3,1
24,12,3,1
24,13,4,0
24,14,4,0
24,15,4,1
24,16,4,1
24,17,4,1
24,18,4,1
24,19,3,1
24,20,3,1
25,1,2,1
25,2,3,1
25,3,3,1
25,4,2,0
25,5,1,1
25,6,2,1
25,7,3,1
25,8,2,0
25,9,1,0
25,10,1,0
25,11,2,0
25,12,2,1
25,13,3,0
25,14,4,0
25,15,4,0
25,16,4,1
25,17,4,1
25,18,3,0
25,19,4,0
25,20,4,0
26,1,3,1
26,2,4,0
26,3,4,1
26,4,3,0
26,5,2,0
26,6,2,1
26,7,1,1
26,8,1,1
26,9,1,0
26,10,2,0
26,11,1,1
26,12,1,0
26,13,1,0
26,14,1,1
26,15,1,1
26,16,2,1
26,17,3,0
26,18,2,0
26,19,1,1
26,20,1,0
27,1,1,1
27,2,1,1
27,3,2,1
27,4,2,1
27,5,1,0
27,6,2,0
27,7,3,0
27,8,2,1
27,9,2,0
27,10,3,1
27,11,4,1
27,12,3,1
27,13,2,1
27,14,2,0
27,15,3,1
27,16,4,0
27,17,3,1
27,18,3,1
27,19,4,0
27,20,3,1
28,1,2,1
28,2,3,1
28,3,4,1
28,4,4,0
28,5,4,0
28,6,4,0
28,7,4,0
28,8,3,1
28,9,4,1
28,10,4,0
28,11,4,1
28,12,4,0
28,13,4,1
28,14,4,0
28,15,4,1
28,16,4,1
28,17,4,0
28,18,4,1
28,19,4,1
28,20,3,1
29,1,3,1
29,2,4,1
29,3,3,1
29,4,2,0
29,5,1,1
29,6,1,0
29,7,1,0
29,8,1,0
29,9,2,1
29,10,1,1
29,11,1,0
29,12,2,1
29,13,2,1
29,14,3,1
29,15,3,1
29,16,4,0
29,17,4,0
29,18,4,0
29,19,4,1
29,20,4,1
30,1,2,0
30,2,2,0
30,3,1,0
30,4,1,0
30,5,1,1
30,6,1,1
30,7,1,0
30,8,2,0
30,9,1,1
30,10,1,1
30,11,1,1
30,12,1,0
30,13,2,1
30,14,1,0
30,15,1,0
30,16,2,0
30,17,1,1
30,18,2,0
30,19,3,1
30,20,4,1
31,1,3,0
31,2,4,1
31,3,4,0
31,4,4,0
31,5,4,1
31,6,4,0
31,7,4,0
31,8,3,0
31,9,3,0
31,10,2,1
31,11,1,1
31,12,2,1
31,13,1,1
31,14,1,1
31,15,2,0
31,16,2,0
31,17,2,1
31,18,3,0
31,19,2,1
31,20,2,0
32,1,3,1
32,2,4,1
32,3,3,0
32,4,3,0
32,5,2,0
32,6,2,1
32,7,2,0
32,8,2,0
32,9,1,0
32,10,1,1
32,11,1,0
32,12,2,0
32,13,1,1
32,14,2,0
32,15,3,1
32,16,4,1
32,17,4,1
32,18,3,0
32,19,2,1
32,20,2,0
33,1,3,0
33,2,4,1
33,3,4,1
33,4,4,0
33,5,3,0
33,6,3,1
33,7,3,1
33,8,4,0
33,9,3,0
33,10,4,0
33,11,3,0
33,12,3,0
33,13,4,0
33,14,3,1
33,15,4,0
33,16,4,0
33,17,4,1
33,18,4,1
33,19,4,1
33,20,3,1
34,1,4,0
34,2,3,1
34,3,2,0
34,4,1,1
34,5,2,0
34,6,2,1
34,7,1,0
34,8,1,1
34,9,2,0
34,10,3,0
34,11,4,0
34,12,3,1
34,13,4,0
34,14,3,0
34,15,4,1
34,16,3,0
34,17,3,0
34,18,3,0
34,19,2,0
34,20,1,0
35,1,4,0
35,2,3,0
35,3,2,1
35,4,1,1
35,5,1,0
35,6,1,1
35,7,2,1
35,8,3,1
35,9,4,1
35,10,4,1
35,11,4,1
35,12,4,0
35,13,3,0
35,14,2,0
35,15,3,0
35,16,4,0
35,17,4,1
35,18,4,0
35,19,4,1
35,20,4,0
36,1,2,1
36,2,2,0
36,3,2,0
36,4,2,1
36,5,1,0
36,6,1,0
36,7,1,0
36,8,2,1
36,9,1,0
36,10,1,1
36,11,1,1
36,12,1,1
36,13,1,1
36,14,1,1
36,15,1,0
36,16,1,0
36,17,2,1
36,18,2,1
36,19,2,0
36,20,3,0
37,1,1,1
37,2,1,0
37,3,2,1
37,4,2,1
37,5,2,0
37,6,2,0
37,7,1,1
37,8,2,0
37,9,1,1
37,10,1,1
37,11,1,1
37,12,2,0
37,13,3,0
37,14,3,1
37,15,4,0
37,16,4,1
37,17,4,0
37,18,3,1
37,19,4,1
37,20,3,1
38,1,4,1
38,2,4,0
38,3,4,1
38,4,3,1
38,5,2,0
38,6,2,1
38,7,1,0
38,8,1,1
38,9,2,1
38,10,3,1
38,11,2,0
38,12,3,0
38,13,2,0
38,14,1,0
38,15,1,0
38,16,1,1
38,17,2,0
38,18,1,0
38,19,1,1
38,20,1,1
39,1,1,1
39,2,1,0
39,3,2,0
39,4,3,1
39,5,3,0
39,6,4,0
39,7,3,1
39,8,2,1
39,9,3,1
39,10,4,0
39,11,4,0
39,12,3,0
39,13,2,1
39,14,3,0
39,15,3,0
39,16,4,1
39,17,4,1
39,18,4,0
39,19,3,1
39,20,2,0
40,1,1,1
40,2,1,1
40,3,1,0
40,4,1,1
40,5,1,1
40,6,2,1
40,7,2,1
40,8,1,1
40,9,1,1
40,10,2,0
40,11,3,0
40,12,2,1
40,13,2,1
40,14,2,1
40,15,3,0
40,16,4,1
40,17,3,1
40,18,2,0
40,19,3,1
40,20,3,1
41,1,1,0
41,2,2,1
41,3,1,0
41,4,1,0
41,5,2,1
41,6,1,0
41,7,2,0
41,8,2,0
41,9,3,0
41,10,2,0
41,11,1,1
41,12,2,0
41,13,1,0
41,14,2,0
41,15,2,1
41,16,2,1
41,17,3,1
41,18,4,0
41,19,4,0
41,20,3,1
42,1,4,0
42,2,4,1
42,3,4,1
42,4,3,0
42,5,2,0
42,6,2,0
42,7,3,1
42,8,2,0
42,9,1,0
42,10,1,0
42,11,1,1
42,12,2,1
42,13,1,0
42,14,2,0
42,15,3,0
42,16,2,1
42,17,2,1
42,18,1,0
42,19,1,0
42,20,2,1
43,1,1,1
43,2,1,0
43,3,1,1
43,4,1,0
43,5,1,0
43,6,2,0
43,7,1,0
43,8,2,0
43,9,1,0
43,10,1,0
43,11,1,0
43,12,1,1
43,13,1,0
43,14,1,0
43,15,2,1
43,16,3,1
43,17,2,1
43,18,2,1
43,19,3,0
43,20,2,0
44,1,3,1
44,2,2,0
44,3,1,1
44,4,2,0
44,5,2,1
44,6,2,0
44,7,1,1
44,8,1,0
44,9,2,0
44,10,1,0
44,11,2,0
44,12,3,1
44,13,4,0
44,14,3,1
44,15,2,1
44,16,2,1
44,17,3,1
44,18,3,1
44,19,4,1
44,20,4,0
45,1,4,0
45,2,3,1
45,3,3,1
45,4,4,1
45,5,4,1
45,6,3,0
45,7,2,0
45,8,1,0
45,9,2,0
45,10,1,0
45,11,1,0
45,12,1,0
45,13,1,0
45,14,2,1
45,15,3,0
45,16,2,0
45,17,1,0
45,18,2,0
45,19,1,1
45,20,2,0
46,1,4,0
46,2,4,0
46,3,3,0
46,4,3,0
46,5,2,0
46,6,3,0
46,7,3,0
46,8,2,0
46,9,3,0
46,10,3,1
46,11,3,1
46,12,2,1
46,13,2,1
46,14,1,1
46,15,1,1
46,16,2,0
46,17,2,0
46,18,2,0
46,19,2,0
46,20,3,1
47,1,3,0
47,2,3,0
47,3,2,0
47,4,1,1
47,5,1,0
47,6,1,0
47,7,1,0
47,8,1,0
47,9,1,0
47,10,1,1
47,11,2,1
47,12,1,1
47,13,1,1
47,14,1,1
47,15,1,0
47,16,1,0
47,17,2,1
47,18,1,1
47,19,2,0
47,20,1,0
48,1,4,1
48,2,4,0
48,3,4,0
48,4,3,1
48,5,3,1
48,6,2,1
48,7,3,0
48,8,4,1
48,9,4,1
48,10,3,1
48,11,4,1
48,12,3,0
48,13,2,0
48,14,2,0
48,15,1,1
48,16,1,0
48,17,1,1
48,18,2,0
48,19,3,0
48,20,3,0
49,1,1,0
49,2,2,0
49,3,1,0
49,4,1,1
49,5,2,1
49,6,1,0
49,7,1,1
49,8,1,0
49,9,2,1
49,10,3,0
49,11,2,1
49,12,3,1
49,13,2,0
49,14,3,1
49,15,4,1
49,16,4,1
49,17,4,1
49,18,4,0
49,19,3,0
49,20,2,1
50,1,2,0
50,2,3,0
50,3,4,1
50,4,4,1
50,5,4,1
50,6,3,1
50,7,2,1
50,8,1,0
50,9,1,1
50,10,1,0
50,11,1,1
50,12,1,0
50,13,1,1
50,14,1,0
50,15,1,1
50,16,1,0
50,17,1,0
50,18,1,1
50,19,1,0
50,20,1,0
51,1,3,0
51,2,2,0
51,3,3,0
51,4,3,1
51,5,4,0
51,6,4,0
51,7,3,0
51,8,4,0
51,9,4,0
51,10,3,1
51,11,4,0
51,12,4,0
51,13,3,1
51,14,4,1
51,15,3,1
51,16,4,1
51,17,4,1
51,18,3,0
51,19,4,1
51,20,3,0
52,1,4,0
52,2,4,0
52,3,4,0
52,4,4,0
52,5,4,1
52,6,3,0
52,7,3,1
52,8,3,0
52,9,3,1
52,10,4,1
52,11,4,0
52,12,4,0
52,13,4,1
52,14,4,0
52,15,3,0
52,16,2,1
52,17,2,1
52,18,1,1
52,19,1,0
52,20,2,0
53,1,4,0
53,2,3,1
53,3,3,1
53,4,4,0
53,5,4,1
53,6,4,1
53,7,3,0
53,8,2,1
53,9,1,0
53,10,1,1
53,11,2,0
53,12,1,0
53,13,1,0
53,14,2,0
53,15,1,1
53,16,1,1
53,17,1,1
53,18,2,0
53,19,2,0
53,20,2,1
54,1,2,0
54,2,2,0
54,3,1,0
54,4,2,1
54,5,3,1
54,6,3,1
54,7,4,0
54,8,4,0
54,9,3,1
54,10,2,0
54,11,1,1
54,12,1,0
54,13,1,0
54,14,1,1
54,15,1,0
54,16,1,1
54,17,1,0
54,18,1,0
54,19,1,0
54,20,1,1
55,1,2,0
55,2,1,1
55,3,1,1
55,4,2,1
55,5,2,0
55,6,1,1
55,7,1,1
55,8,2,0
55,9,1,0
55,10,1,1
55,11,1,1
55,12,1,1
55,13,1,0
55,14,1,0
55,15,1,0
55,16,2,1
55,17,3,1
55,18,4,1
55,19,4,1
55,20,4,1
56,1,1,1
56,2,1,1
56,3,1,1
56,4,1,0
56,5,1,0
56,6,2,0
56,7,2,0
56,8,1,1
56,9,1,1
56,10,2,1
56,11,1,1
56,12,2,1
56,13,1,1
56,14,2,0
56,15,1,0
56,16,1,0
56,17,1,1
56,18,2,1
56,19,3,1
56,20,3,1
57,1,3,0
57,2,4,1
57,3,3,0
57,4,2,1
57,5,2,0
57,6,1,0
57,7,1,0
57,8,1,0
57,9,2,0
57,10,3,0
57,11,2,0
57,12,1,0
57,13,2,1
57,14,1,1
57,15,2,1
57,16,2,0
57,17,1,0
57,18,2,1
57,19,3,0
57,20,3,1
58,1,2,1
58,2,3,1
58,3,2,0
58,4,1,1
58,5,1,1
58,6,2,0
58,7,2,1
58,8,3,0
58,9,2,1
58,10,3,0
58,11,4,0
58,12,4,1
58,13,4,0
58,14,4,0
58,15,4,0
58,16,3,0
58,17,4,0
58,18,4,1
58,19,4,1
58,20,4,1
59,1,2,0
59,2,3,1
59,3,3,1
59,4,4,0
59,5,3,1
59,6,3,0
59,7,2,1
59,8,2,1
59,9,2,0
59,10,1,0
59,11,2,1
59,12,2,1
59,13,3,1
59,14,4,1
59,15,4,1
59,16,4,0
59,17,4,0
59,18,3,1
59,19,3,1
59,20,4,1
60,1,3,1
60,2,3,1
60,3,2,0
60,4,1,0
60,5,1,0
60,6,1,1
60,7,1,1
60,8,1,1
60,9,2,0
60,10,3,1
60,11,2,0
60,12,3,1
60,13,4,1
60,14,4,0
60,15,4,0
60,16,4,0
60,17,4,1
60,18,3,0
60,19,4,1
60,20,3,0
61,1,3,0
61,2,4,1
61,3,4,1
61,4,3,0
61,5,2,0
61,6,3,0
61,7,4,1
61,8,4,1
61,9,4,0
61,10,4,1
61,11,4,1
61,12,4,0
61,13,3,1
61,14,3,1
61,15,3,0
61,16,3,0
61,17,2,1
61,18,2,0
61,19,3,0
61,20,2,0
62,1,1,0
62,2,2,1
62,3,3,1
62,4,2,0
62,5,1,0
62,6,2,0
62,7,2,1
62,8,3,1
62,9,2,1
62,10,3,1
62,11,4,1
62,12,3,0
62,13,2,0
62,14,2,1
62,15,3,1
62,16,3,1
62,17,3,0
62,18,3,0
62,19,3,0
62,20,2,1
63,1,4,1
63,2,4,0
63,3,4,0
63,4,4,0
63,5,4,1
63,6,4,0
63,7,4,1
63,8,4,0
63,9,4,0
63,10,4,0
63,11,3,0
63,12,3,1
63,13,4,0
63,14,3,1
63,15,4,0
63,16,4,1
63,17,4,1
63,18,4,0
63,19,3,0
63,20,2,0
64,1,1,0
64,2,1,0
64,3,1,0
64,4,1,1
64,5,2,0
64,6,1,0
64,7,2,1
64,8,2,1
64,9,3,1
64,10,4,0
64,11,4,0
64,12,3,1
64,13,2,0
64,14,2,0
64,15,2,0
64,16,1,0
64,17,2,0
64,18,1,0
64,19,1,1
64,20,1,1
65,1,2,0
65,2,2,0
65,3,1,0
65,4,1,1
65,5,1,0
65,6,1,1
65,7,1,1
65,8,2,1
65,9,1,1
65,10,1,0
65,11,1,1
65,12,1,0
65,13,2,0
65,14,3,0
65,15,3,1
65,16,4,1
65,17,4,0
65,18,3,0
65,19,4,1
65,20,4,1
66,1,4,1
66,2,4,0
66,3,3,1
66,4,3,1
66,5,2,1
66,6,1,1
66,7,2,1
66,8,2,0
66,9,3,1
66,10,2,1
66,11,2,1
66,12,3,0
66,13,3,0
66,14,3,0
66,15,3,0
66,16,4,1
66,17,3,0
66,18,3,0
66,19,3,1
66,20,3,1
67,1,1,0
67,2,1,1
67,3,1,0
67,4,1,1
67,5,1,1
67,6,2,1
67,7,2,1
67,8,1,1
67,9,1,1
67,10,1,0
67,11,1,0
67,12,2,1
67,13,3,0
67,14,4,1
67,15,4,0
67,16,4,0
67,17,3,1
67,18,4,1
67,19,3,1
67,20,3,0
68,1,4,0
68,2,4,1
68,3,3,0
68,4,2,0
68,5,3,0
68,6,2,1
68,7,2,1
68,8,1,0
68,9,1,0
68,10,1,1
68,11,1,0
68,12,1,1
68,13,1,1
68,14,1,1
68,15,2,1
68,16,1,1
68,17,1,0
68,18,1,0
68,19,1,0
68,20,1,1
69,1,2,0
69,2,2,0
69,3,1,1
69,4,2,0
69,5,2,0
69,6,1,0
69,7,1,1
69,8,2,0
69,9,2,1
69,10,2,0
69,11,1,0
69,12,1,0
69,13,1,1
69,14,1,1
69,15,1,0
69,16,1,0
69,17,1,0
69,18,2,1
69,19,3,1
69,20,3,0
70,1,3,0
70,2,2,1
70,3,3,0
70,4,2,1
70,5,1,1
70,6,2,1
70,7,2,0
70,8,3,0
70,9,3,1
70,10,3,0
70,11,2,0
70,12,2,0
70,13,2,1
70,14,2,1
70,15,2,1
70,16,2,0
70,17,2,0
70,18,2,1
70,19,2,1
70,20,2,1
71,1,4,0
71,2,4,1
71,3,4,1
71,4,4,1
71,5,4,0
71,6,4,1
71,7,3,0
71,8,2,0
71,9,2,1
71,10,3,0
71,11,4,1
71,12,3,1
71,13,3,1
71,14,2,1
71,15,1,1
71,16,1,1
71,17,1,0
71,18,1,0
71,19,2,0
71,20,1,0
72,1,2,0
72,2,1,0
72,3,1,0
72,4,1,1
72,5,1,1
72,6,2,1
72,7,2,0
72,8,2,0
72,9,2,0
72,10,1,0
72,11,1,0
72,12,2,1
72,13,3,1
72,14,4,1
72,15,4,1
72,16,4,0
72,17,3,1
72,18,2,0
72,19,2,0
72,20,1,0
73,1,3,1
73,2,4,1
73,3,4,0
73,4,3,1
73,5,2,1
73,6,2,0
73,7,3,0
73,8,2,1
73,9,1,0
73,10,2,0
73,11,2,0
73,12,2,0
73,13,2,1
73,14,1,0
73,15,1,0
73,16,1,1
73,17,1,1
73,18,1,0
73,19,1,0
73,20,1,1
74,1,2,0
74,2,2,1
74,3,2,0
74,4,1,1
74,5,2,0
74,6,3,0
74,7,3,1
74,8,4,0
74,9,4,0
74,10,4,1
74,11,3,0
74,12,2,0
74,13,3,1
74,14,4,1
74,15,3,1
74,16,2,0
74,17,3,1
74,18,4,1
74,19,4,1
74,20,4,0
75,1,3,0
75,2,4,0
75,3,3,1
75,4,3,0
75,5,4,1
75,6,4,1
75,7,3,1
75,8,4,1
75,9,3,1
75,10,3,1
75,11,4,0
75,12,4,0
75,13,3,0
75,14,4,0
75,15,3,1
75,16,2,0
75,17,2,0
75,18,1,1
75,19,1,1
75,20,1,1
76,1,3,0
76,2,2,0
76,3,1,0
76,4,1,0
76,5,2,1
76,6,3,0
76,7,3,0
76,8,4,1
76,9,4,0
76,10,4,0
76,11,4,0
76,12,4,0
76,13,4,1
76,14,4,0
76,15,3,1
76,16,3,0
76,17,2,0
76,18,2,0
76,19,2,0
76,20,1,1
77,1,1,0
77,2,1,1
77,3,2,0
77,4,2,0
77,5,2,1
77,6,3,1
77,7,2,0
77,8,3,1
77,9,2,1
77,10,3,1
77,11,4,0
77,12,4,1
77,13,4,0
77,14,4,0
77,15,4,1
77,16,4,0
77,17,4,1
77,18,4,1
77,19,3,0
77,20,3,0
78,1,2,1
78,2,2,0
78,3,3,1
78,4,4,1
78,5,4,1
78,6,4,0
78,7,3,0
78,8,2,1
78,9,3,1
78,10,4,0
78,11,3,0
78,12,2,1
78,13,3,0
78,14,2,1
78,15,3,1
78,16,3,0
78,17,4,1
78,18,4,0
78,19,3,0
78,20,4,0
79,1,4,0
79,2,4,0
79,3,4,0
79,4,4,1
79,5,4,1
79,6,4,0
79,7,4,1
79,8,4,1
79,9,4,0
79,10,4,0
79,11,4,1
79,12,3,0
79,13,3,1
79,14,3,1
79,15,3,0
79,16,2,1
79,17,3,1
79,18,3,1
79,19,4,1
79,20,4,1
80,1,4,1
80,2,4,0
80,3,4,0
80,4,3,1
80,5,2,0
80,6,1,0
80,7,2,0
80,8,1,0
80,9,2,0
80,10,2,0
80,11,2,0
80,12,1,1
80,13,1,0
80,14,2,0
80,15,2,1
80,16,2,1
80,17,1,0
80,18,2,0
80,19,2,1
80,20,1,1
81,1,1,0
81,2,1,0
81,3,1,1
81,4,1,0
81,5,1,0
81,6,2,1
81,7,3,1
81,8,4,0
81,9,4,0
81,10,4,1
81,11,3,1
81,12,3,1
81,13,3,1
81,14,2,1
81,15,3,1
81,16,2,0
81,17,3,0
81,18,3,1
81,19,3,1
81,20,2,0
82,1,3,0
82,2,3,0
82,3,4,1
82,4,4,1
82,5,4,0
82,6,3,1
82,7,3,0
82,8,4,0
82,9,4,0
82,10,4,0
82,11,3,0
82,12,3,0
82,13,3,0
82,14,3,0
82,15,2,1
82,16,2,1
82,17,2,1
82,18,2,1
82,19,2,1
82,20,2,0
83,1,3,1
83,2,3,0
83,3,4,0
83,4,4,0
83,5,4,0
83,6,4,0
83,7,4,0
83,8,4,0
83,9,4,0
83,10,3,1
83,11,3,1
83,12,2,1
83,13,3,1
83,14,4,0
83,15,4,0
83,16,3,0
83,17,3,1
83,18,2,1
83,19,1,1
83,20,1,1
84,1,3,0
84,2,3,0
84,3,4,0
84,4,4,0
84,5,3,0
84,6,2,0
84,7,1,0
84,8,1,1
84,9,2,0
84,10,2,0
84,11,3,1
84,12,3,0
84,13,2,0
84,14,1,0
84,15,1,0
84,16,2,1
84,17,3,1
84,18,4,1
84,19,4,1
84,20,3,0
85,1,2,1
85,2,1,1
85,3,1,0
85,4,1,1
85,5,1,0
85,6,1,0
85,7,1,0
85,8,1,0
85,9,1,0
85,10,1,0
85,11,1,1
85,12,2,0
85,13,2,1
85,14,3,1
85,15,4,0
85,16,4,0
85,17,4,1
85,18,4,1
85,19,4,0
85,20,4,1
86,1,1,1
86,2,1,1
86,3,1,1
86,4,1,1
86,5,1,1
86,6,1,1
86,7,1,0
86,8,1,1
86,9,1,0
86,10,1,0
86,11,2,0
86,12,2,1
86,13,3,1
86,14,4,1
86,15,3,1
86,16,4,0
86,17,4,1
86,18,4,1
86,19,4,1
86,20,4,0
87,1,3,1
87,2,4,1
87,3,4,1
87,4,3,1
87,5,3,1
87,6,3,1
87,7,3,1
87,8,2,1
87,9,1,0
87,10,1,0
87,11,1,0
87,12,1,0
87,13,1,0
87,14,2,0
87,15,1,1
87,16,2,0
87,17,3,0
87,18,2,1
87,19,3,0
87,20,4,1
88,1,4,1
88,2,4,1
88,3,3,1
88,4,4,1
88,5,3,0
88,6,3,0
88,7,3,1
88,8,2,1
88,9,1,0
88,10,1,0
88,11,1,0
88,12,1,0
88,13,2,0
88,14,2,1
88,15,3,0
88,16,2,1
88,17,1,0
88,18,2,1
88,19,1,1
88,20,1,0
89,1,4,0
89,2,4,0
89,3,4,1
89,4,4,0
89,5,4,1
89,6,3,1
89,7,4,0
89,8,3,1
89,9,4,0
89,10,4,1
89,11,4,0
89,12,3,1
89,13,4,0
89,14,4,0
89,15,4,0
89,16,3,1
89,17,4,1
89,18,4,1
89,19,4,0
89,20,3,0
90,1,1,1
90,2,2,0
90,3,1,0
90,4,1,1
90,5,1,1
90,6,2,0
90,7,1,0
90,8,2,1
90,9,2,1
90,10,2,0
90,11,3,0
90,12,4,1
90,13,4,1
90,14,4,1
90,15,4,0
90,16,4,0
90,17,4,0
90,18,4,1
90,19,4,0
90,20,4,0
91,1,4,1
91,2,4,0
91,3,4,1
91,4,3,0
91,5,4,0
91,6,4,0
91,7,4,1
91,8,4,1
91,9,4,0
91,10,4,0
91,11,4,1
91,12,3,1
91,13,3,1
91,14,4,0
91,15,4,0
91,16,4,0
91,17,4,0
91,18,4,1
91,19,3,1
91,20,4,1
92,1,1,0
92,2,1,0
92,3,2,1
92,4,3,1
92,5,3,1
92,6,2,0
92,7,2,0
92,8,1,1
92,9,1,1
92,10,1,1
92,11,1,1
92,12,2,1
92,13,1,1
92,14,1,0
92,15,2,0
92,16,3,1
92,17,4,1
92,18,3,0
92,19,2,0
92,20,1,0
93,1,1,0
93,2,1,1
93,3,2,1
93,4,1,1
93,5,1,0
93,6,1,0
93,7,1,1
93,8,2,0
93,9,2,0
93,10,2,1
93,11,1,1
93,12,1,1
93,13,2,0
93,14,3,1
93,15,2,1
93,16,3,1
93,17,2,1
93,18,3,0
93,19,4,0
93,20,4,1
94,1,4,0
94,2,4,1
94,3,4,0
94,4,4,0
94,5,4,1
94,6,4,1
94,7,4,0
94,8,4,1
94,9,4,1
94,10,4,0
94,11,4,0
94,12,4,1
94,13,3,0
94,14,3,0
94,15,2,1
94,16,1,1
94,17,1,0
94,18,1,1
94,19,2,0
94,20,2,0
95,1,1,1
95,2,1,1
95,3,1,0
95,4,1,1
95,5,1,0
95,6,1,0
95,7,1,1
95,8,1,0
95,9,2,0
95,10,2,1
95,11,2,0
95,12,2,1
95,13,3,0
95,14,2,0
95,15,3,0
95,16,2,0
95,17,1,1
95,18,1,0
95,19,1,0
95,20,1,0
96,1,1,1
96,2,1,0
96,3,1,0
96,4,2,1
96,5,3,0
96,6,3,1
96,7,3,0
96,8,3,1
96,9,3,0
96,10,3,0
96,11,2,1
96,12,2,0
96,13,2,1
96,14,1,1
96,15,1,1
96,16,1,1
96,17,2,1
96,18,3,1
96,19,4,0
96,20,3,1
97,1,3,1
97,2,4,1
97,3,3,1
97,4,3,1
97,5,3,0
97,6,2,1
97,7,1,1
97,8,2,1
97,9,3,1
97,10,4,0
97,11,3,1
97,12,3,0
97,13,4,0
97,14,4,1
97,15,4,1
97,16,4,1
97,17,4,1
97,18,4,1
97,19,4,0
97,20,3,1
98,1,3,1
98,2,4,1
98,3,4,0
98,4,3,1
98,5,4,0
98,6,3,1
98,7,2,0
98,8,2,1
98,9,2,0
98,10,3,1
98,11,2,1
98,12,1,1
98,13,1,0
98,14,1,1
98,15,2,1
98,16,3,0
98,17,2,0
98,18,3,0
98,19,2,0
98,20,2,1
99,1,3,1
99,2,2,1
99,3,3,1
99,4,2,0
99,5,2,1
99,6,1,1
99,7,1,0
99,8,1,1
99,9,2,1
99,10,3,1
99,11,2,1
99,12,3,1
99,13,4,1
99,14,4,1
99,15,3,1
99,16,2,1
99,17,1,0
99,18,2,0
99,19,2,0
99,20,2,1
100,1,2,0
100,2,3,1
100,3,3,1
100,4,3,0
100,5,4,1
100,6,4,0
100,7,3,0
100,8,2,0
100,9,2,1
100,10,2,0
100,11,2,0
100,12,3,0
100,13,4,0
100,14,4,0
100,15,3,0
100,16,2,1
100,17,3,1
100,18,2,0
100,19,3,1
100,20,2,1
101,1,1,1
101,2,1,1
101,3,1,0
101,4,1,1
101,5,1,0
101,6,2,1
101,7,1,0
101,8,1,1
101,9,1,1
101,10,1,0
101,11,1,0
101,12,2,1
101,13,3,0
101,14,2,0
101,15,1,1
101,16,1,1
101,17,1,0
101,18,1,1
101,19,1,1
101,20,1,1
102,1,3,0
102,2,3,0
102,3,4,1
102,4,3,0
102,5,3,0
102,6,3,0
102,7,4,0
102,8,3,0
102,9,2,1
102,10,3,0
102,11,4,0
102,12,4,0
102,13,4,0
102,14,3,0
102,15,3,0
102,16,4,1
102,17,4,1
102,18,3,0
102,19,2,1
102,20,1,1
103,1,2,1
103,2,3,1
103,3,3,1
103,4,3,1
103,5,2,0
103,6,3,0
103,7,4,0
103,8,4,0
103,9,3,1
103,10,2,0
103,11,1,0
103,12,2,1
103,13,2,0
103,14,3,0
103,15,3,1
103,16,3,1
103,17,3,1
103,18,2,0
103,19,3,1
103,20,2,1
104,1,2,0
104,2,2,0
104,3,1,0
104,4,2,1
104,5,2,0
104,6,3,1
104,7,3,1
104,8,3,1
104,9,4,0
104,10,4,1
104,11,4,0
104,12,3,0
104,13,3,0
104,14,3,0
104,15,4,0
104,16,4,1
104,17,3,1
104,18,2,1
104,19,1,0
104,20,1,1
105,1,2,0
105,2,3,0
105,3,2,1
105,4,1,1
105,5,2,0
105,6,2,0
105,7,3,1
105,8,3,1
105,9,3,0
105,10,3,1
105,11,2,1
105,12,3,0
105,13,4,0
105,14,4,0
105,15,4,0
105,16,3,0
105,17,4,1
105,18,3,0
105,19,4,0
105,20,4,1
106,1,1,1
106,2,1,1
106,3,1,1
106,4,1,0
106,5,1,1
106,6,2,0
106,7,1,1
106,8,1,1
106,9,1,1
106,10,1,0
106,11,1,1
106,12,1,1
106,13,1,1
106,14,1,1
106,15,1,1
106,16,2,0
106,17,1,1
106,18,1,1
106,19,1,1
106,20,1,0
107,1,4,1
107,2,3,0
107,3,2,0
107,4,3,1
107,5,4,1
107,6,4,1
107,7,4,0
107,8,4,1
107,9,4,0
107,10,4,0
107,11,3,1
107,12,4,1
107,13,3,1
107,14,4,1
107,15,3,0
107,16,4,1
107,17,4,1
107,18,4,1
107,19,4,0
107,20,4,0
108,1,3,1
108,2,2,1
108,3,1,1
108,4,1,1
108,5,2,0
108,6,3,1
108,7,2,1
108,8,2,1
108,9,1,0
108,10,1,1
108,11,1,0
108,12,2,0
108,13,3,0
108,14,2,0
108,15,2,0
108,16,1,1
108,17,1,1
108,18,1,0
108,19,2,1
108,20,1,1
109,1,1,1
109,2,1,1
109,3,1,1
109,4,1,0
109,5,1,0
109,6,1,1
109,7,1,1
109,8,2,0
109,9,1,1
109,10,1,1
109,11,1,1
109,12,1,0
109,13,2,0
109,14,1,0
109,15,1,1
109,16,1,0
109,17,1,1
109,18,2,1
109,19,3,1
109,20,4,1
110,1,1,0
110,2,1,0
110,3,2,1
110,4,1,1
110,5,2,0
110,6,3,0
110,7,3,0
110,8,4,1
110,9,3,0
110,10,4,0
110,11,3,0
110,12,3,0
110,13,4,1
110,14,4,1
110,15,4,0
110,16,4,0
110,17,4,1
110,18,4,0
110,19,3,0
110,20,2,1
111,1,4,0
111,2,4,0
111,3,3,1
111,4,2,0
111,5,2,0
111,6,3,1
111,7,3,0
111,8,2,1
111,9,2,1
111,10,1,1
111,11,1,0
111,12,2,1
111,13,1,1
111,14,1,1
111,15,2,0
111,16,2,1
111,17,2,1
111,18,1,0
111,19,1,1
111,20,1,1
112,1,3,0
112,2,2,0
112,3,3,0
112,4,3,0
112,5,3,1
112,6,2,0
112,7,2,1
112,8,3,0
112,9,2,0
112,10,1,0
112,11,1,0
112,12,1,1
112,13,2,0
112,14,2,1
112,15,3,0
112,16,4,1
112,17,4,0
112,18,3,1
112,19,2,1
112,20,2,1
113,1,1,1
113,2,1,1
113,3,1,1
113,4,1,0
113,5,1,1
113,6,1,0
113,7,1,1
113,8,2,0
113,9,1,0
113,10,1,0
113,11,2,0
113,12,1,0
113,13,1,1
113,14,1,1
113,15,1,0
113,16,2,1
113,17,3,1
113,18,3,0
113,19,4,1
113,20,3,1
114,1,2,0
114,2,2,1
114,3,2,1
114,4,3,0
114,5,4,0
114,6,4,1
114,7,4,0
114,8,4,0
114,9,4,1
114,10,4,1
114,11,4,0
114,12,4,1
114,13,4,1
114,14,4,0
114,15,4,0
114,16,3,0
114,17,4,1
114,18,3,0
114,19,3,0
114,20,2,0
115,1,4,1
115,2,4,0
115,3,4,1
115,4,4,1
115,5,4,1
115,6,4,1
115,7,4,1
115,8,4,1
115,9,3,1
115,10,3,1
115,11,2,1
115,12,1,1
115,13,1,1
115,14,2,1
115,15,3,0
115,16,2,1
115,17,2,0
115,18,3,1
115,19,3,0
115,20,4,0
116,1,3,0
116,2,3,0
116,3,3,0
116,4,3,1
116,5,3,0
116,6,3,0
116,7,3,1
116,8,2,0
116,9,3,1
116,10,2,1
116,11,2,0
116,12,1,1
116,13,2,0
116,14,1,1
116,15,1,0
116,16,1,0
116,17,2,0
116,18,3,0
116,19,4,1
116,20,4,1
117,1,2,0
117,2,1,1
117,3,2,1
117,4,2,0
117,5,3,1
117,6,4,1
117,7,3,1
117,8,2,0
117,9,3,1
117,10,2,0
117,11,2,0
117,12,3,1
117,13,4,0
117,14,4,1
117,15,3,0
117,16,4,0
117,17,4,1
117,18,4,1
117,19,4,1
117,20,4,1
118,1,3,0
118,2,2,0
118,3,2,0
118,4,3,1
118,5,3,1
118,6,4,1
118,7,4,0
118,8,4,0
118,9,3,0
118,10,2,0
118,11,2,1
118,12,1,0
118,13,2,1
118,14,2,1
118,15,2,0
118,16,1,1
118,17,1,1
118,18,2,1
118,19,1,1
118,20,1,1
119,1,1,0
119,2,1,0
119,3,1,0
119,4,1,1
119,5,2,0
119,6,2,0
119,7,3,1
119,8,2,1
119,9,2,1
119,10,2,0
119,11,3,1
119,12,2,1
119,13,3,0
119,14,3,0
119,15,4,0
119,16,3,0
119,17,4,1
119,18,4,1
119,19,4,0
119,20,3,0
120,1,3,1
120,2,2,1
120,3,2,1
120,4,3,1
120,5,3,1
120,6,3,0
120,7,4,1
120,8,3,1
120,9,3,0
120,10,4,1
120,11,4,1
120,12,4,0
120,13,4,1
120,14,3,0
120,15,4,0
120,16,4,0
120,17,4,1
120,18,4,0
120,19,3,1
120,20,2,1
121,1,4,0
121,2,3,1
121,3,2,1
121,4,1,1
121,5,1,0
121,6,1,1
121,7,1,1
121,8,2,1
121,9,2,0
121,10,1,0
121,11,1,0
121,12,1,1
121,13,1,0
121,14,1,0
121,15,1,1
121,16,1,0
121,17,2,1
121,18,2,1
121,19,2,1
121,20,1,0
122,1,3,0
122,2,3,1
122,3,4,0
122,4,3,1
122,5,4,0
122,6,3,1
122,7,2,0
122,8,3,1
122,9,4,1
122,10,4,0
122,11,3,0
122,12,4,1
122,13,3,1
122,14,3,1
122,15,2,1
122,16,3,1
122,17,3,0
122,18,4,0
122,19,3,1
122,20,3,0
123,1,2,0
123,2,2,0
123,3,3,1
123,4,4,1
123,5,4,1
123,6,4,1
123,7,3,1
123,8,4,1
123,9,3,1
123,10,4,1
123,11,3,0
123,12,2,1
123,13,2,1
123,14,3,1
123,15,2,1
123,16,3,1
123,17,3,0
123,18,3,0
123,19,3,0
123,20,4,0
124,1,4,0
124,2,4,0
124,3,4,1
124,4,4,0
124,5,4,1
124,6,4,1
124,7,4,0
124,8,3,1
124,9,3,0
124,10,3,1
124,11,4,1
124,12,4,1
124,13,4,0
124,14,4,0
124,15,4,1
124,16,4,0
124,17,4,1
124,18,3,0
124,19,4,1
124,20,4,1
125,1,2,1
125,2,2,1
125,3,1,0
125,4,2,1
125,5,1,0
125,6,2,0
125,7,3,0
125,8,2,0
125,9,2,1
125,10,2,0
125,11,2,1
125,12,2,1
125,13,2,0
125,14,1,0
125,15,1,1
125,16,1,1
125,17,1,1
125,18,2,1
125,19,1,1
125,20,2,1
126,1,1,0
126,2,2,1
126,3,3,1
126,4,4,1
126,5,4,0
126,6,3,1
126,7,4,1
126,8,4,0
126,9,4,0
126,10,4,0
126,11,4,1
126,12,3,1
126,13,4,1
126,14,4,1
126,15,4,1
126,16,4,0
126,17,3,1
126,18,3,0
126,19,3,0
126,20,2,0
127,1,4,0
127,2,4,1
127,3,3,0
127,4,4,1
127,5,4,0
127,6,4,0
127,7,4,1
127,8,3,0
127,9,4,1
127,10,3,1
127,11,4,0
127,12,4,1
127,13,4,0
127,14,4,1
127,15,4,1
127,16,4,0
127,17,4,1
127,18,3,0
127,19,3,1
127,20,4,0
128,1,4,1
128,2,4,1
128,3,3,0
128,4,4,1
128,5,4,0
128,6,4,0
128,7,4,0
128,8,4,1
128,9,4,0
128,10,3,1
128,11,3,0
128,12,2,1
128,13,1,0
128,14,2,0
128,15,3,1
128,16,3,1
128,17,3,0
128,18,2,1
128,19,1,0
128,20,2,1
129,1,3,1
129,2,3,0
129,3,3,0
129,4,4,1
129,5,3,0
129,6,2,0
129,7,2,0
129,8,1,0
129,9,1,0
129,10,1,1
129,11,2,0
129,12,1,0
129,13,1,1
129,14,1,1
129,15,1,1
129,16,1,1
129,17,2,1
129,18,1,0
129,19,2,0
129,20,2,1
130,1,4,0
130,2,4,0
130,3,3,0
130,4,3,0
130,5,2,1
130,6,3,1
130,7,2,1
130,8,3,0
130,9,4,1
130,10,3,0
130,11,4,1
130,12,4,0
130,13,3,1
130,14,3,0
130,15,3,1
130,16,4,0
130,17,3,1
130,18,4,1
130,19,3,1
130,20,3,1
131,1,2,0
131,2,3,0
131,3,2,0
131,4,1,1
131,5,2,1
131,6,2,1
131,7,3,1
131,8,3,1
131,9,3,0
131,10,2,1
131,11,3,0
131,12,3,0
131,13,4,0
131,14,3,1
131,15,2,1
131,16,3,1
131,17,3,1
131,18,2,0
131,19,1,1
131,20,2,1
132,1,1,1
132,2,1,1
132,3,1,1
132,4,2,0
132,5,3,0
132,6,4,0
132,7,4,0
132,8,4,0
132,9,4,0
132,10,4,0
132,11,3,1
132,12,4,1
132,13,4,0
132,14,4,1
132,15,3,1
132,16,4,1
132,17,4,1
132,18,3,0
132,19,4,1
132,20,3,0
133,1,2,1
133,2,3,0
133,3,4,1
133,4,4,1
133,5,4,1
133,6,3,1
133,7,4,0
133,8,4,0
133,9,3,1
133,10,2,0
133,11,1,0
133,12,1,0
133,13,2,1
133,14,1,1
133,15,2,1
133,16,2,1
133,17,1,0
133,18,1,1
133,19,1,1
133,20,2,0
134,1,3,0
134,2,4,0
134,3,3,1
134,4,4,0
134,5,4,0
134,6,4,1
134,7,3,1
134,8,4,0
134,9,4,0
134,10,3,1
134,11,4,1
134,12,4,0
134,13,4,1
134,14,4,1
134,15,4,0
134,16,3,0
134,17,3,0
134,18,2,1
134,19,2,1
134,20,1,1
135,1,2,1
135,2,1,1
135,3,2,1
135,4,3,1
135,5,4,1
135,6,4,0
135,7,4,1
135,8,4,0
135,9,3,0
135,10,3,0
135,11,2,1
135,12,1,0
135,13,1,0
135,14,2,1
135,15,2,0
135,16,1,0
135,17,1,1
135,18,1,1
135,19,2,0
135,20,2,0
136,1,3,1
136,2,2,1
136,3,3,1
136,4,3,0
136,5,3,1
136,6,3,1
136,7,4,1
136,8,4,1
136,9,4,1
136,10,3,1
136,11,2,0
136,12,3,1
136,13,4,0
136,14,3,1
136,15,4,1
136,16,4,0
136,17,4,0
136,18,3,0
136,19,3,0
136,20,3,0
137,1,1,1
137,2,1,1
137,3,1,0
137,4,1,1
137,5,1,0
137,6,1,1
137,7,1,0
137,8,1,0
137,9,1,0
137,10,2,1
137,11,3,1
137,12,2,0
137,13,3,0
137,14,4,1
137,15,4,1
137,16,4,1
137,17,4,0
137,18,4,0
137,19,4,1
137,20,4,0
138,1,1,1
138,2,1,0
138,3,2,1
138,4,3,1
138,5,3,1
138,6,4,1
138,7,4,0
138,8,4,1
138,9,4,1
138,10,3,1
138,11,4,1
138,12,3,1
138,13,4,1
138,14,4,1
138,15,4,0
138,16,4,0
138,17,4,0
138,18,4,0
138,19,3,1
138,20,4,1
139,1,3,1
139,2,2,0
139,3,3,1
139,4,2,1
139,5,2,0
139,6,1,0
139,7,1,1
139,8,1,0
139,9,2,1
139,10,2,0
139,11,1,0
139,12,1,1
139,13,2,0
139,14,3,0
139,15,3,0
139,16,4,1
139,17,4,0
139,18,3,1
139,19,3,1
139,20,4,1
140,1,3,1
140,2,2,1
140,3,3,0
140,4,3,0
140,5,3,1
140,6,2,0
140,7,1,1
140,8,1,0
140,9,1,0
140,10,2,1
140,11,1,1
140,12,1,0
140,13,2,1
140,14,1,1
140,15,1,0
140,16,1,1
140,17,2,0
140,18,3,0
140,19,3,1
140,20,3,0
141,1,4,1
141,2,3,0
141,3,3,0
141,4,2,0
141,5,3,1
141,6,4,1
141,7,4,1
141,8,4,1
141,9,3,1
141,10,3,1
141,11,3,1
141,12,4,0
141,13,4,0
141,14,4,0
141,15,3,1
141,16,2,0
141,17,3,0
141,18,4,0
141,19,3,0
141,20,2,0
142,1,1,0
142,2,1,1
142,3,2,1
142,4,2,0
142,5,3,1
142,6,2,1
142,7,3,1
142,8,3,1
142,9,4,0
142,10,4,0
142,11,4,0
142,12,4,1
142,13,3,1
142,14,4,0
142,15,4,0
142,16,4,1
142,17,4,1
142,18,3,1
142,19,4,0
142,20,4,0
143,1,2,0
143,2,2,0
143,3,3,1
143,4,3,0
143,5,4,1
143,6,3,1
143,7,2,0
143,8,2,1
143,9,1,0
143,10,1,0
143,11,2,0
143,12,1,0
143,13,1,1
143,14,1,1
143,15,1,0
143,16,2,0
143,17,1,0
143,18,1,1
143,19,1,1
143,20,1,1
144,1,1,0
144,2,1,1
144,3,1,0
144,4,1,0
144,5,1,0
144,6,1,1
144,7,1,1
144,8,2,0
144,9,1,1
144,10,2,0
144,11,2,1
144,12,3,0
144,13,4,0
144,14,3,0
144,15,3,1
144,16,3,1
144,17,3,0
144,18,2,0
144,19,2,1
144,20,3,1
145,1,1,0
145,2,2,0
145,3,3,1
145,4,4,0
145,5,4,0
145,6,4,0
145,7,4,0
145,8,4,1
145,9,4,0
145,10,4,1
145,11,4,1
145,12,4,1
145,13,4,0
145,14,3,0
145,15,2,0
145,16,1,1
145,17,2,1
145,18,1,1
145,19,2,0
145,20,2,1
146,1,4,1
146,2,4,1
146,3,3,0
146,4,2,1
146,5,3,0
146,6,2,0
146,7,3,1
146,8,2,0
146,9,2,1
146,10,1,1
146,11,1,0
146,12,1,1
146,13,2,0
146,14,2,1
146,15,1,1
146,16,2,1
146,17,2,0
146,18,3,1
146,19,4,0
146,20,4,0
147,1,3,1
147,2,3,1
147,3,3,0
147,4,3,1
147,5,3,1
147,6,4,1
147,7,4,1
147,8,3,1
147,9,2,1
147,10,2,0
147,11,3,0
147,12,4,1
147,13,3,0
147,14,4,1
147,15,3,0
147,16,3,1
147,17,4,0
147,18,3,1
147,19,3,0
147,20,4,1
148,1,1,1
148,2,2,0
148,3,1,0
148,4,2,0
148,5,3,0
148,6,3,0
148,7,3,0
148,8,3,0
148,9,4,1
148,10,4,0
148,11,4,0
148,12,4,1
148,13,4,1
148,14,4,0
148,15,4,0
148,16,3,1
148,17,3,1
148,18,4,0
148,19,4,0
148,20,3,1
149,1,3,0
149,2,4,1
149,3,4,0
149,4,4,0
149,5,4,0
149,6,4,1
149,7,4,1
149,8,3,1
149,9,3,0
149,10,4,1
149,11,3,0
149,12,4,0
149,13,4,1
149,14,3,0
149,15,2,0
149,16,3,1
149,17,2,1
149,18,1,0
149,19,2,1
149,20,1,0
150,1,3,0
150,2,2,1
150,3,1,1
150,4,2,1
150,5,1,1
150,6,1,0
150,7,1,0
150,8,1,0
150,9,1,0
150,10,1,1
150,11,2,0
150,12,2,1
150,13,2,1
150,14,3,1
150,15,4,1
150,16,4,0
150,17,4,0
150,18,4,1
150,19,4,1
150,20,3,1
151,1,4,0
151,2,4,1
151,3,4,0
151,4,4,1
151,5,4,1
151,6,3,0
151,7,2,0
151,8,3,0
151,9,3,1
151,10,3,0
151,11,3,1
151,12,2,1
151,13,3,0
151,14,3,0
151,15,4,0
151,16,4,0
151,17,4,0
151,18,4,0
151,19,3,1
151,20,4,1
152,1,3,1
152,2,4,0
152,3,4,0
152,4,3,1
152,5,2,0
152,6,1,0
152,7,1,0
152,8,1,0
152,9,1,0
152,10,1,0
152,11,2,1
152,12,2,1
152,13,3,1
152,14,4,1
152,15,4,1
152,16,3,0
152,17,3,0
152,18,3,1
152,19,4,0
152,20,4,0
153,1,4,0
153,2,3,1
153,3,2,0
153,4,1,1
153,5,1,1
153,6,2,1
153,7,1,1
153,8,1,1
153,9,1,1
153,10,2,0
153,11,2,1
153,12,2,0
153,13,2,1
153,14,3,1
153,15,3,0
153,16,2,0
153,17,2,1
153,18,2,0
153,19,3,1
153,20,3,0
154,1,1,1
154,2,1,0
154,3,1,1
154,4,2,1
154,5,3,0
154,6,3,0
154,7,3,0
154,8,4,1
154,9,4,1
154,10,3,1
154,11,3,0
154,12,2,1
154,13,3,1
154,14,2,1
154,15,1,0
154,16,1,0
154,17,1,1
154,18,2,1
154,19,2,0
154,20,2,0
155,1,2,1
155,2,2,1
155,3,3,0
155,4,4,0
155,5,4,0
155,6,4,1
155,7,4,1
155,8,4,1
155,9,4,0
155,10,4,0
155,11,4,1
155,12,3,0
155,13,2,1
155,14,2,1
155,15,3,0
155,16,3,1
155,17,4,0
155,18,3,0
155,19,4,0
155,20,4,0
156,1,4,1
156,2,4,0
156,3,3,1
156,4,2,1
156,5,1,1
156,6,1,0
156,7,1,1
156,8,1,0
156,9,1,0
156,10,2,1
156,11,2,1
156,12,1,0
156,13,1,1
156,14,1,1
156,15,1,1
156,16,1,0
156,17,2,1
156,18,2,1
156,19,3,1
156,20,4,0
157,1,1,0
157,2,2,1
157,3,2,0
157,4,3,0
157,5,2,0
157,6,2,1
157,7,1,0
157,8,1,0
157,9,1,1
157,10,2,1
157,11,2,1
157,12,3,1
157,13,3,1
157,14,2,0
157,15,2,1
157,16,1,0
157,17,1,1
157,18,1,1
157,19,1,0
157,20,1,1
158,1,1,1
158,2,1,1
158,3,2,0
158,4,1,0
158,5,1,0
158,6,2,0
158,7,1,1
158,8,2,0
158,9,1,1
158,10,1,0
158,11,2,1
158,12,1,0
158,13,2,0
158,14,2,0
158,15,3,0
158,16,4,1
158,17,3,1
158,18,3,1
158,19,2,0
158,20,3,0
159,1,1,0
159,2,1,1
159,3,1,0
159,4,2,1
159,5,2,0
159,6,2,1
159,7,2,1
159,8,3,1
159,9,2,1
159,10,3,1
159,11,2,1
159,12,2,0
159,13,3,1
159,14,4,0
159,15,4,1
159,16,3,1
159,17,4,0
159,18,3,1
159,19,4,1
159,20,3,1
160,1,2,0
160,2,3,0
160,3,4,0
160,4,3,1
160,5,3,0
160,6,3,1
160,7,3,0
160,8,2,0
160,9,2,0
160,10,2,0
160,11,1,0
160,12,1,0
160,13,1,1
160,14,2,1
160,15,1,0
160,16,1,1
160,17,2,0
160,18,1,1
160,19,2,0
160,20,1,0
161,1,3,0
161,2,4,0
161,3,4,0
161,4,4,1
161,5,4,0
161,6,4,1
161,7,3,0
161,8,2,1
161,9,1,1
161,10,1,0
161,11,1,0
161,12,1,1
161,13,1,0
161,14,1,0
161,15,2,0
161,16,2,0
161,17,2,1
161,18,2,1
161,19,1,0
161,20,1,1
162,1,3,1
162,2,3,0
162,3,4,0
162,4,4,1
162,5,4,1
162,6,4,1
162,7,3,0
162,8,3,1
162,9,2,1
162,10,1,0
162,11,1,1
162,12,2,0
162,13,1,1
162,14,1,0
162,15,1,1
162,16,1,1
162,17,1,1
162,18,2,1
162,19,1,1
162,20,2,0
163,1,1,1
163,2,1,0
163,3,1,0
163,4,2,0
163,5,2,0
163,6,1,1
163,7,1,1
163,8,2,0
163,9,3,0
163,10,2,1
163,11,1,1
163,12,1,1
163,13,1,0
163,14,1,0
163,15,1,0
163,16,1,1
163,17,1,1
163,18,1,0
163,19,2,0
163,20,3,0
164,1,3,1
164,2,2,1
164,3,2,0
164,4,1,1
164,5,1,0
164,6,1,1
164,7,1,0
164,8,1,0
164,9,1,0
164,10,1,1
164,11,2,0
164,12,2,1
164,13,3,0
164,14,4,0
164,15,4,0
164,16,4,0
164,17,3,0
164,18,3,0
164,19,3,1
164,20,3,0
165,1,4,1
165,2,3,1
165,3,2,0
165,4,1,1
165,5,1,1
165,6,1,1
165,7,1,1
165,8,2,0
165,9,3,0
165,10,2,1
165,11,3,1
165,12,3,1
165,13,3,1
165,14,3,0
165,15,3,0
165,16,2,1
165,17,3,0
165,18,2,1
165,19,1,0
165,20,1,1
166,1,4,0
166,2,3,1
166,3,4,1
166,4,4,1
166,5,4,1
166,6,4,1
166,7,4,1
166,8,4,0
166,9,3,0
166,10,2,0
166,11,3,0
166,12,2,1
166,13,2,1
166,14,2,0
166,15,3,0
166,16,3,1
166,17,3,0
166,18,3,1
166,19,2,0
166,20,2,1
167,1,2,0
167,2,3,1
167,3,4,1
167,4,3,0
167,5,4,1
167,6,4,1
167,7,4,1
167,8,4,0
167,9,3,0
167,10,4,1
167,11,3,1
167,12,4,0
167,13,3,1
167,14,4,1
167,15,4,0
167,16,4,1
167,17,4,0
167,18,4,1
167,19,4,0
167,20,4,0
168,1,3,1
168,2,3,0
168,3,2,0
168,4,3,1
168,5,3,0
168,6,3,0
168,7,4,0
168,8,4,0
168,9,3,1
168,10,2,1
168,11,3,0
168,12,4,1
168,13,3,1
168,14,2,1
168,15,1,1
168,16,1,1
168,17,1,0
168,18,1,0
168,19,1,0
168,20,1,1
169,1,3,1
169,2,3,0
169,3,2,1
169,4,2,0
169,5,1,0
169,6,1,0
169,7,1,1
169,8,2,1
169,9,1,1
169,10,1,0
169,11,1,0
169,12,1,1
169,13,2,1
169,14,3,1
169,15,2,0
169,16,3,1
169,17,2,1
169,18,3,0
169,19,4,0
169,20,3,0
170,1,2,0
170,2,1,0
170,3,1,0
170,4,1,0
170,5,1,0
170,6,1,1
170,7,2,1
170,8,2,0
170,9,2,0
170,10,3,0
170,11,3,0
170,12,4,0
170,13,3,0
170,14,2,1
170,15,3,0
170,16,3,1
170,17,2,0
170,18,2,1
170,19,3,1
170,20,2,0
171,1,3,0
171,2,4,0
171,3,3,0
171,4,4,1
171,5,4,0
171,6,3,0
171,7,4,0
171,8,4,1
171,9,4,0
171,10,4,1
171,11,4,0
171,12,4,1
171,13,4,0
171,14,4,0
171,15,3,0
171,16,3,1
171,17,4,0
171,18,3,0
171,19,4,1
171,20,4,0
172,1,4,0
172,2,4,1
172,3,3,1
172,4,2,1
172,5,2,1
172,6,3,1
172,7,2,1
172,8,2,1
172,9,1,1
172,10,1,1
172,11,1,1
172,12,1,0
172,13,2,1
172,14,2,1
172,15,1,1
172,16,1,1
172,17,1,1
172,18,1,1
172,19,2,0
172,20,3,0
173,1,1,1
173,2,1,1
173,3,2,1
173,4,1,0
173,5,2,0
173,6,2,0
173,7,3,0
173,8,3,0
173,9,4,0
173,10,4,0
173,11,4,1
173,12,4,1
173,13,4,0
173,14,3,0
173,15,2,0
173,16,2,1
173,17,2,1
173,18,3,1
173,19,2,0
173,20,2,0
174,1,4,1
174,2,4,1
174,3,4,1
174,4,4,1
174,5,4,0
174,6,4,0
174,7,4,1
174,8,3,1
174,9,2,1
174,10,2,1
174,11,3,0
174,12,2,1
174,13,2,0
174,14,1,1
174,15,2,1
174,16,2,1
174,17,1,0
174,18,1,0
174,19,2,1
174,20,2,0
175,1,2,1
175,2,3,1
175,3,2,1
175,4,3,1
175,5,2,0
175,6,2,0
175,7,1,1
175,8,1,0
175,9,1,1
175,10,1,0
175,11,1,0
175,12,1,0
175,13,1,1
175,14,1,0
175,15,1,0
175,16,2,1
175,17,1,0
175,18,1,0
175,19,1,0
175,20,2,1
176,1,4,0
176,2,4,1
176,3,4,0
176,4,4,1
176,5,4,0
176,6,4,0
176,7,4,1
176,8,4,1
176,9,4,1
176,10,4,0
176,11,4,1
176,12,3,1
176,13,2,1
176,14,3,0
176,15,4,1
176,16,4,0
176,17,3,1
176,18,4,0
176,19,4,0
176,20,4,1
177,1,3,0
177,2,2,1
177,3,2,1
177,4,2,0
177,5,1,0
177,6,2,0
177,7,2,1
177,8,2,0
177,9,3,1
177,10,3,1
177,11,2,1
177,12,3,0
177,13,2,1
177,14,2,0
177,15,3,0
177,16,2,0
177,17,3,0
177,18,4,0
177,19,3,0
177,20,3,0
178,1,1,1
178,2,2,1
178,3,1,0
178,4,1,0
178,5,2,0
178,6,3,0
178,7,2,0
178,8,1,0
178,9,2,1
178,10,1,0
178,11,1,0
178,12,1,1
178,13,2,0
178,14,2,0
178,15,2,1
178,16,1,1
178,17,1,1
178,18,2,1
178,19,1,0
178,20,1,0
179,1,1,1
179,2,1,1
179,3,1,1
179,4,1,0
179,5,1,0
179,6,1,1
179,7,1,1
179,8,2,0
179,9,3,1
179,10,4,1
179,11,4,0
179,12,4,0
179,13,3,1
179,14,4,1
179,15,4,0
179,16,3,1
179,17,3,1
179,18,4,0
179,19,4,0
179,20,4,1
180,1,3,1
180,2,2,0
180,3,2,1
180,4,2,1
180,5,2,1
180,6,3,0
180,7,2,0
180,8,2,0
180,9,3,0
180,10,2,0
180,11,3,0
180,12,4,1
180,13,4,0
180,14,4,1
180,15,4,1
180,16,4,1
180,17,4,0
180,18,4,1
180,19,4,1
180,20,4,0
181,1,3,1
181,2,4,1
181,3,3,0
181,4,4,1
181,5,4,0
181,6,4,1
181,7,3,0
181,8,4,1
181,9,4,0
181,10,4,1
181,11,4,1
181,12,4,1
181,13,4,0
181,14,4,1
181,15,4,0
181,16,3,1
181,17,2,1
181,18,2,1
181,19,3,1
181,20,4,0
182,1,4,0
182,2,4,1
182,3,4,1
182,4,4,0
182,5,4,1
182,6,4,1
182,7,3,0
182,8,3,1
182,9,3,0
182,10,3,1
182,11,3,0
182,12,2,1
182,13,3,0
182,14,3,0
182,15,3,1
182,16,3,0
182,17,4,0
182,18,4,0
182,19,4,1
182,20,3,0
183,1,4,0
183,2,3,0
183,3,4,1
183,4,3,0
183,5,2,0
183,6,3,0
183,7,3,0
183,8,4,0
183,9,4,1
183,10,4,0
183,11,4,0
183,12,3,1
183,13,4,0
183,14,3,0
183,15,2,0
183,16,2,0
183,17,1,0
183,18,2,1
183,19,3,0
183,20,4,1
184,1,2,1
184,2,2,0
184,3,2,0
184,4,3,0
184,5,4,0
184,6,3,0
184,7,2,1
184,8,2,1
184,9,2,1
184,10,2,1
184,11,2,1
184,12,2,0
184,13,1,1
184,14,2,1
184,15,1,0
184,16,1,1
184,17,1,1
184,18,2,0
184,19,1,0
184,20,1,0
185,1,4,0
185,2,4,0
185,3,4,1
185,4,4,0
185,5,4,1
185,6,3,0
185,7,4,1
185,8,4,0
185,9,4,1
185,10,4,1
185,11,3,0
185,12,2,0
185,13,1,0
185,14,2,1
185,15,1,0
185,16,2,0
185,17,3,0
185,18,4,1
185,19,4,1
185,20,4,0
186,1,3,1
186,2,4,0
186,3,4,1
186,4,4,1
186,5,4,1
186,6,4,0
186,7,3,1
186,8,2,0
186,9,3,0
186,10,3,0
186,11,2,0
186,12,2,0
186,13,1,1
186,14,1,1
186,15,1,1
186,16,1,1
186,17,1,1
186,18,1,0
186,19,2,0
186,20,3,0
187,1,3,0
187,2,4,0
187,3,4,0
187,4,4,0
187,5,3,0
187,6,4,0
187,7,3,0
187,8,3,0
187,9,4,1
187,10,4,1
187,11,4,1
187,12,3,0
187,13,4,1
187,14,3,1
187,15,4,1
187,16,4,1
187,17,4,0
187,18,3,1
187,19,4,0
187,20,4,1
188,1,4,0
188,2,4,1
188,3,4,1
188,4,4,1
188,5,3,0
188,6,4,0
188,7,4,1
188,8,4,1
188,9,4,0
188,10,3,0
188,11,2,1
188,12,1,0
188,13,2,1
188,14,3,0
188,15,3,0
188,16,4,0
188,17,4,0
188,18,4,0
188,19,4,1
188,20,4,0
189,1,2,0
189,2,2,0
189,3,3,0
189,4,3,0
189,5,3,1
189,6,2,0
189,7,3,0
189,8,4,0
189,9,4,0
189,10,3,0
189,11,2,0
189,12,1,1
189,13,1,1
189,14,1,0
189,15,2,0
189,16,3,1
189,17,3,0
189,18,4,1
189,19,3,1
189,20,2,1
190,1,1,1
190,2,1,1
190,3,1,0
190,4,2,1
190,5,3,1
190,6,4,1
190,7,3,0
190,8,2,1
190,9,2,1
190,10,2,0
190,11,2,0
190,12,2,1
190,13,1,0
190,14,1,1
190,15,1,1
190,16,1,1
190,17,2,0
190,18,2,0
190,19,3,0
190,20,2,1
191,1,1,0
191,2,1,1
191,3,2,1
191,4,1,0
191,5,2,0
191,6,3,1
191,7,3,0
191,8,3,0
191,9,3,0
191,10,2,1
191,11,2,1
191,12,3,0
191,13,2,1
191,14,3,1
191,15,4,0
191,16,4,0
191,17,4,1
191,18,4,0
191,19,3,1
191,20,3,1
192,1,3,0
192,2,3,0
192,3,2,0
192,4,3,0
192,5,3,1
192,6,4,1
192,7,4,0
192,8,4,1
192,9,4,0
192,10,4,1
192,11,3,0
192,12,4,1
192,13,4,0
192,14,4,1
192,15,3,1
192,16,2,0
192,17,1,0
192,18,1,1
192,19,1,0
192,20,1,0
193,1,1,1
193,2,1,0
193,3,1,0
193,4,1,1
193,5,1,0
193,6,2,0
193,7,1,0
193,8,2,0
193,9,1,0
193,10,2,1
193,11,2,1
193,12,1,1
193,13,1,1
193,14,2,0
193,15,2,1
193,16,1,0
193,17,1,0
193,18,1,1
193,19,2,0
193,20,1,1
194,1,4,0
194,2,4,0
194,3,4,1
194,4,4,0
194,5,3,0
194,6,2,1
194,7,1,1
194,8,2,1
194,9,2,0
194,10,2,0
194,11,3,0
194,12,3,0
194,13,4,1
194,14,3,0
194,15,2,1
194,16,1,0
194,17,2,1
194,18,3,1
194,19,4,1
194,20,4,0
195,1,4,0
195,2,4,0
195,3,3,0
195,4,3,0
195,5,3,0
195,6,2,1
195,7,2,0
195,8,1,0
195,9,2,1
195,10,3,0
195,11,4,1
195,12,4,1
195,13,4,1
195,14,3,1
195,15,4,0
195,16,3,1
195,17,4,0
195,18,3,0
195,19,4,1
195,20,4,1
196,1,1,0
196,2,1,1
196,3,1,1
196,4,1,1
196,5,1,0
196,6,1,0
196,7,1,1
196,8,1,0
196,9,2,1
196,10,1,1
196,11,1,1
196,12,2,0
196,13,3,1
196,14,3,1
196,15,3,0
196,16,3,0
196,17,4,1
196,18,3,0
196,19,4,1
196,20,3,1
197,1,1,0
197,2,1,0
197,3,1,1
197,4,1,0
197,5,1,0
197,6,1,0
197,7,2,1
197,8,3,1
197,9,4,0
197,10,4,0
197,11,3,1
197,12,4,0
197,13,4,0
197,14,3,0
197,15,4,0
197,16,4,0
197,17,3,0
197,18,4,0
197,19,4,0
197,20,4,0
198,1,1,0
198,2,1,0
198,3,1,0
198,4,1,1
198,5,1,0
198,6,2,1
198,7,2,0
198,8,3,0
198,9,3,1
198,10,3,0
198,11,4,1
198,12,4,0
198,13,4,0
198,14,4,0
198,15,3,0
198,16,2,0
198,17,3,0
198,18,4,0
198,19,4,0
198,20,3,1
199,1,1,0
199,2,1,0
199,3,1,1
199,4,1,1
199,5,1,0
199,6,1,1
199,7,2,1
199,8,1,0
199,9,1,0
199,10,1,0
199,11,1,0
199,12,1,0
199,13,1,0
199,14,2,1
199,15,3,0
199,16,3,1
199,17,4,0
199,18,4,1
199,19,4,1
199,20,3,0
200,1,2,1
200,2,1,1
200,3,1,1
200,4,1,1
200,5,2,0
200,6,3,1
200,7,2,1
200,8,3,0
200,9,2,1
200,10,3,1
200,11,3,0
200,12,3,0
200,13,4,0
200,14,3,0
200,15,3,1
200,16,2,0
200,17,2,0
200,18,1,0
200,19,1,0
200,20,1,1
201,1,1,1
201,2,1,1
201,3,1,0
201,4,1,1
201,5,2,1
201,6,1,0
201,7,1,0
201,8,2,0
201,9,1,0
201,10,1,1
201,11,1,0
201,12,1,0
201,13,2,1
201,14,3,0
201,15,2,1
201,16,1,1
201,17,2,1
201,18,2,0
201,19,3,0
201,20,3,1
202,1,1,1
202,2,1,0
202,3,2,0
202,4,3,1
202,5,2,1
202,6,2,0
202,7,3,1
202,8,4,0
202,9,4,0
202,10,4,0
202,11,4,0
202,12,4,0
202,13,3,1
202,14,2,1
202,15,1,1
202,16,1,1
202,17,1,0
202,18,2,0
202,19,3,0
202,20,2,0
203,1,2,0
203,2,3,1
203,3,2,0
203,4,2,0
203,5,2,1
203,6,3,0
203,7,2,1
203,8,3,0
203,9,2,1
203,10,3,1
203,11,2,1
203,12,3,1
203,13,3,1
203,14,3,1
203,15,3,0
203,16,4,0
203,17,3,1
203,18,3,0
203,19,4,0
203,20,4,1
204,1,1,0
204,2,1,1
204,3,2,1
204,4,3,1
204,5,4,0
204,6,3,0
204,7,3,0
204,8,2,1
204,9,3,1
204,10,2,0
204,11,1,0
204,12,1,0
204,13,1,0
204,14,2,1
204,15,3,1
204,16,4,1
204,17,4,1
204,18,4,1
204,19,4,0
204,20,4,0
205,1,1,1
205,2,1,1
205,3,1,1
205,4,2,1
205,5,1,0
205,6,2,0
205,7,3,0
205,8,4,0
205,9,3,0
205,10,4,1
205,11,3,1
205,12,4,1
205,13,3,1
205,14,2,0
205,15,2,1
205,16,3,1
205,17,3,1
205,18,3,1
205,19,4,0
205,20,3,1
206,1,4,0
206,2,4,1
206,3,4,0
206,4,4,1
206,5,4,1
206,6,3,1
206,7,3,0
206,8,4,1
206,9,3,0
206,10,3,0
206,11,4,1
206,12,3,0
206,13,4,0
206,14,4,1
206,15,4,0
206,16,4,0
206,17,4,1
206,18,4,1
206,19,4,0
206,20,4,0
207,1,3,0
207,2,2,0
207,3,2,1
207,4,3,1
207,5,2,1
207,6,1,1
207,7,2,1
207,8,3,1
207,9,4,1
207,10,3,0
207,11,4,1
207,12,3,0
207,13,3,0
207,14,3,0
207,15,4,0
207,16,4,1
207,17,4,1
207,18,3,1
207,19,2,0
207,20,1,0
208,1,4,0
208,2,4,1
208,3,4,1
208,4,3,0
208,5,4,1
208,6,4,1
208,7,4,0
208,8,4,0
208,9,3,0
208,10,4,1
208,11,3,1
208,12,4,0
208,13,3,0
208,14,2,0
208,15,1,1
208,16,2,1
208,17,3,0
208,18,3,1
208,19,4,1
208,20,4,1
209,1,2,1
209,2,3,1
209,3,3,1
209,4,4,1
209,5,4,0
209,6,4,0
209,7,3,0
209,8,2,0
209,9,3,1
209,10,4,0
209,11,4,0
209,12,3,1
209,13,4,1
209,14,3,0
209,15,4,0
209,16,4,0
209,17,4,1
209,18,3,0
209,19,2,0
209,20,1,1
210,1,3,1
210,2,3,0
210,3,2,0
210,4,2,0
210,5,3,1
210,6,2,1
210,7,2,0
210,8,3,1
210,9,3,0
210,10,2,0
210,11,2,0
210,12,1,1
210,13,1,1
210,14,1,1
210,15,1,1
210,16,1,1
210,17,2,1
210,18,3,1
210,19,4,0
210,20,3,0
211,1,2,0
211,2,3,1
211,3,2,0
211,4,2,1
211,5,2,0
211,6,1,1
211,7,2,0
211,8,3,0
211,9,2,1
211,10,2,0
211,11,3,1
211,12,2,1
211,13,1,0
211,14,1,0
211,15,2,0
211,16,2,0
211,17,3,1
211,18,2,1
211,19,3,0
211,20,4,1
212,1,1,0
212,2,2,0
212,3,1,0
212,4,1,0
212,5,2,1
212,6,3,0
212,7,3,1
212,8,2,0
212,9,2,1
212,10,3,1
212,11,2,0
212,12,3,0
212,13,2,0
212,14,2,1
212,15,2,0
212,16,2,0
212,17,1,1
212,18,1,1
212,19,1,0
212,20,1,1
213,1,2,1
213,2,3,1
213,3,4,0
213,4,3,1
213,5,3,0
213,6,2,0
213,7,2,1
213,8,3,0
213,9,3,0
213,10,4,1
213,11,4,0
213,12,3,1
213,13,2,0
213,14,3,0
213,15,2,0
213,16,3,1
213,17,3,0
213,18,4,1
213,19,4,1
213,20,3,1
214,1,4,1
214,2,3,0
214,3,4,0
214,4,4,0
214,5,3,1
214,6,2,0
214,7,3,0
214,8,4,1
214,9,4,0
214,10,3,1
214,11,2,0
214,12,3,0
214,13,4,0
214,14,4,0
214,15,4,0
214,16,4,0
214,17,3,1
214,18,3,1
214,19,2,0
214,20,3,1
215,1,1,1
215,2,1,1
215,3,1,1
215,4,1,0
215,5,2,0
215,6,2,1
215,7,3,0
215,8,4,0
215,9,4,1
215,10,4,0
215,11,4,0
215,12,3,1
215,13,4,0
215,14,4,1
215,15,4,0
215,16,4,1
215,17,4,0
215,18,3,1
215,19,4,0
215,20,4,0
216,1,2,0
216,2,1,1
216,3,1,1
216,4,2,0
216,5,1,0
216,6,1,1
216,7,1,1
216,8,2,0
216,9,2,1
216,10,2,0
216,11,2,1
216,12,3,0
216,13,2,1
216,14,3,0
216,15,4,1
216,16,4,0
216,17,4,0
216,18,4,1
216,19,4,0
216,20,3,0
217,1,2,1
217,2,3,0
217,3,2,0
217,4,3,1
217,5,3,0
217,6,4,1
217,7,4,1
217,8,3,0
217,9,3,1
217,10,3,1
217,11,3,0
217,12,2,1
217,13,2,1
217,14,1,1
217,15,1,0
217,16,1,1
217,17,1,1
217,18,1,1
217,19,2,1
217,20,2,1
218,1,1,0
218,2,1,1
218,3,2,1
218,4,1,0
218,5,1,1
218,6,2,0
218,7,2,1
218,8,2,1
218,9,1,0
218,10,2,1
218,11,1,1
218,12,1,1
218,13,1,1
218,14,1,1
218,15,1,0
218,16,2,0
218,17,1,0
218,18,1,1
218,19,1,0
218,20,2,1
219,1,4,0
219,2,4,0
219,3,4,0
219,4,4,0
219,5,4,0
219,6,4,1
219,7,4,1
219,8,4,1
219,9,4,0
219,10,4,0
219,11,4,1
219,12,4,0
219,13,4,0
219,14,3,0
219,15,4,1
219,16,4,1
219,17,3,0
219,18,2,1
219,19,2,0
219,20,2,0
220,1,2,1
220,2,1,0
220,3,1,0
220,4,1,1
220,5,2,0
220,6,1,1
220,7,1,0
220,8,1,0
220,9,2,1
220,10,3,1
220,11,3,1
220,12,4,1
220,13,3,0
220,14,2,1
220,15,1,0
220,16,2,1
220,17,1,0
220,18,1,0
220,19,2,0
220,20,3,0
221,1,2,0
221,2,2,1
221,3,3,0
221,4,3,0
221,5,3,0
221,6,2,1
221,7,3,0
221,8,2,0
221,9,1,1
221,10,2,0
221,11,3,1
221,12,3,1
221,13,4,0
221,14,3,1
221,15,3,0
221,16,2,0
221,17,3,1
221,18,3,1
221,19,4,0
221,20,4,1
222,1,2,0
222,2,1,1
222,3,2,0
222,4,2,1
222,5,3,0
222,6,3,0
222,7,3,1
222,8,3,0
222,9,3,1
222,10,2,0
222,11,3,0
222,12,4,1
222,13,4,0
222,14,4,0
222,15,4,1
222,16,4,0
222,17,4,0
222,18,4,1
222,19,4,1
222,20,3,0
223,1,3,0
223,2,3,0
223,3,3,0
223,4,2,1
223,5,1,1
223,6,1,0
223,7,1,1
223,8,1,1
223,9,1,1
223,10,1,1
223,11,2,1
223,12,1,0
223,13,1,0
223,14,2,1
223,15,3,1
223,16,3,0
223,17,2,0
223,18,3,1
223,19,3,0
223,20,3,0
224,1,4,0
224,2,4,1
224,3,4,0
224,4,4,0
224,5,4,1
224,6,3,0
224,7,3,0
224,8,4,1
224,9,4,1
224,10,4,0
224,11,4,1
224,12,4,1
224,13,4,1
224,14,3,0
224,15,2,1
224,16,1,1
224,17,2,1
224,18,3,1
224,19,3,1
224,20,4,1
225,1,4,1
225,2,3,1
225,3,4,1
225,4,4,0
225,5,4,1
225,6,4,1
225,7,3,1
225,8,3,1
225,9,2,0
225,10,3,1
225,11,3,0
225,12,2,1
225,13,2,0
225,14,3,0
225,15,2,0
225,16,2,1
225,17,1,1
225,18,1,0
225,19,1,0
225,20,2,1
226,1,2,1
226,2,1,0
226,3,1,0
226,4,2,1
226,5,1,0
226,6,2,1
226,7,3,1
226,8,4,0
226,9,4,0
226,10,3,0
226,11,2,0
226,12,1,1
226,13,2,0
226,14,3,1
226,15,2,0
226,16,2,0
226,17,3,1
226,18,4,1
226,19,4,0
226,20,4,1
227,1,1,0
227,2,1,1
227,3,2,0
227,4,2,1
227,5,2,1
227,6,2,0
227,7,2,1
227,8,2,0
227,9,1,1
227,10,2,0
227,11,2,1
227,12,2,1
227,13,1,0
227,14,2,0
227,15,3,1
227,16,2,0
227,17,2,0
227,18,1,1
227,19,1,0
227,20,1,0
228,1,3,1
228,2,2,1
228,3,1,0
228,4,1,0
228,5,2,1
228,6,3,0
228,7,2,0
228,8,2,1
228,9,1,0
228,10,2,1
228,11,2,1
228,12,1,1
228,13,2,0
228,14,1,1
228,15,1,0
228,16,2,0
228,17,3,0
228,18,2,0
228,19,2,0
228,20,2,1
229,1,1,1
229,2,1,0
229,3,1,1
229,4,1,1
229,5,1,1
229,6,1,1
229,7,1,0
229,8,1,1
229,9,1,1
229,10,1,1
229,11,1,1
229,12,1,0
229,13,2,1
229,14,3,1
229,15,2,0
229,16,1,0
229,17,1,1
229,18,1,1
229,19,1,0
229,20,2,1
230,1,1,1
230,2,1,0
230,3,1,1
230,4,1,0
230,5,2,0
230,6,1,0
230,7,1,1
230,8,1,0
230,9,1,0
230,10,1,1
230,11,1,0
230,12,2,1
230,13,3,0
230,14,3,1
230,15,4,1
230,16,3,1
230,17,2,0
230,18,2,1
230,19,1,1
230,20,1,0
231,1,1,1
231,2,2,0
231,3,2,1
231,4,1,1
231,5,1,0
231,6,1,0
231,7,1,1
231,8,1,1
231,9,1,0
231,10,1,0
231,11,1,1
231,12,1,0
231,13,1,0
231,14,2,1
231,15,2,0
231,16,2,0
231,17,1,0
231,18,2,1
231,19,3,0
231,20,2,1
232,1,1,1
232,2,1,0
232,3,1,1
232,4,2,0
232,5,2,0
232,6,3,1
232,7,2,0
232,8,1,0
232,9,1,1
232,10,1,1
232,11,1,0
232,12,2,1
232,13,1,1
232,14,2,0
232,15,3,1
232,16,3,1
232,17,2,0
232,18,2,0
232,19,1,0
232,20,2,1
233,1,4,0
233,2,3,0
233,3,4,1
233,4,4,1
233,5,4,0
233,6,3,1
233,7,4,0
233,8,4,1
233,9,4,1
233,10,4,1
233,11,4,0
233,12,4,0
233,13,4,1
233,14,4,1
233,15,4,0
233,16,4,0
233,17,3,1
233,18,2,1
233,19,2,1
233,20,2,1
234,1,4,0
234,2,3,1
234,3,2,0
234,4,3,0
234,5,4,1
234,6,4,1
234,7,3,1
234,8,3,1
234,9,3,0
234,10,3,1
234,11,4,0
234,12,4,1
234,13,4,1
234,14,4,1
234,15,3,0
234,16,2,1
234,17,1,1
234,18,1,0
234,19,1,1
234,20,1,0
235,1,2,1
235,2,3,0
235,3,3,0
235,4,3,1
235,5,3,0
235,6,2,1
235,7,3,0
235,8,4,0
235,9,4,0
235,10,4,1
235,11,3,1
235,12,4,0
235,13,4,1
235,14,3,0
235,15,4,1
235,16,3,0
235,17,4,1
235,18,4,0
235,19,3,1
235,20,3,0
236,1,1,1
236,2,1,0
236,3,1,0
236,4,1,0
236,5,1,0
236,6,1,0
236,7,1,1
236,8,2,0
236,9,1,0
236,10,1,0
236,11,2,1
236,12,1,0
236,13,1,0
236,14,1,0
236,15,2,1
236,16,3,0
236,17,4,0
236,18,4,1
236,19,4,0
236,20,4,0
237,1,4,0
237,2,4,0
237,3,3,0
237,4,2,1
237,5,3,0
237,6,4,1
237,7,3,0
237,8,2,1
237,9,3,1
237,10,3,0
237,11,2,0
237,12,1,0
237,13,2,1
237,14,3,0
237,15,2,0
237,16,3,0
237,17,4,0
237,18,4,0
237,19,4,0
237,20,4,0
238,1,3,1
238,2,4,1
238,3,3,0
238,4,4,0
238,5,4,0
238,6,4,1
238,7,4,1
238,8,4,1
238,9,4,1
238,10,3,0
238,11,2,1
238,12,1,1
238,13,2,0
238,14,2,0
238,15,3,1
238,16,3,0
238,17,3,1
238,18,3,1
238,19,2,1
238,20,2,1
239,1,1,1
239,2,2,0
239,3,3,0
239,4,3,0
239,5,2,0
239,6,1,0
239,7,1,1
239,8,2,0
239,9,3,1
239,10,4,0
239,11,4,1
239,12,4,0
239,13,4,1
239,14,3,1
239,15,4,1
239,16,4,0
239,17,3,1
239,18,4,0
239,19,3,0
239,20,4,1
240,1,4,0
240,2,3,0
240,3,3,1
240,4,3,0
240,5,4,0
240,6,4,0
240,7,3,1
240,8,3,0
240,9,4,0
240,10,4,1
240,11,3,0
240,12,2,1
240,13,2,1
240,14,2,1
240,15,3,0
240,16,4,1
240,17,4,0
240,18,4,1
240,19,4,0
240,20,4,0
241,1,3,0
241,2,3,1
241,3,4,0
241,4,4,0
241,5,3,1
241,6,3,1
241,7,4,0
241,8,4,1
241,9,4,1
241,10,4,1
241,11,4,1
241,12,4,1
241,13,4,0
241,14,4,1
241,15,4,1
241,16,4,0
241,17,3,0
241,18,3,0
241,19,2,0
241,20,3,1
242,1,4,0
242,2,3,0
242,3,2,0
242,4,1,1
242,5,1,1
242,6,1,0
242,7,1,0
242,8,1,1
242,9,1,0
242,10,2,1
242,11,1,0
242,12,2,0
242,13,3,1
242,14,3,0
242,15,2,1
242,16,3,1
242,17,2,0
242,18,1,0
242,19,1,1
242,20,1,1
243,1,3,0
243,2,4,1
243,3,3,0
243,4,4,0
243,5,3,1
243,6,2,1
243,7,3,1
243,8,2,1
243,9,2,1
243,10,3,0
243,11,3,1
243,12,3,0
243,13,4,1
243,14,3,0
243,15,4,0
243,16,4,0
243,17,4,0
243,18,3,1
243,19,2,1
243,20,3,0
244,1,1,1
244,2,1,1
244,3,1,1
244,4,1,0
244,5,1,1
244,6,2,0
244,7,1,0
244,8,2,0
244,9,3,0
244,10,2,0
244,11,1,1
244,12,2,1
244,13,1,1
244,14,1,1
244,15,1,1
244,16,1,1
244,17,1,0
244,18,1,1
244,19,2,1
244,20,2,0
245,1,1,0
245,2,2,0
245,3,1,0
245,4,2,0
245,5,1,0
245,6,1,0
245,7,1,1
245,8,2,0
245,9,2,1
245,10,1,1
245,11,2,0
245,12,1,1
245,13,2,0
245,14,3,0
245,15,4,1
245,16,4,0
245,17,4,0
245,18,4,1
245,19,4,0
245,20,4,1
246,1,1,0
246,2,1,1
246,3,2,1
246,4,2,1
246,5,2,1
246,6,3,0
246,7,3,1
246,8,2,0
246,9,2,0
246,10,2,1
246,11,2,1
246,12,2,0
246,13,3,0
246,14,2,0
246,15,2,1
246,16,1,0
246,17,1,1
246,18,1,1
246,19,1,1
246,20,2,0
247,1,4,1
247,2,4,1
247,3,4,1
247,4,3,0
247,5,2,0
247,6,1,1
247,7,1,0
247,8,2,0
247,9,2,1
247,10,2,1
247,11,2,1
247,12,2,1
247,13,1,0
247,14,1,0
247,15,1,1
247,16,1,0
247,17,1,1
247,18,1,0
247,19,1,0
247,20,1,1
248,1,4,0
248,2,3,0
248,3,4,1
248,4,3,1
248,5,2,1
248,6,3,1
248,7,4,1
248,8,4,1
248,9,4,1
248,10,3,1
248,11,4,1
248,12,4,0
248,13,4,1
248,14,4,0
248,15,4,0
248,16,4,0
248,17,4,1
248,18,4,0
248,19,4,1
248,20,4,0
249,1,2,0
249,2,1,0
249,3,2,1
249,4,3,0
249,5,4,1
249,6,3,0
249,7,4,0
249,8,3,1
249,9,4,1
249,10,4,0
249,11,4,1
249,12,4,0
249,13,4,0
249,14,4,0
249,15,4,1
249,16,3,0
249,17,2,1
249,18,3,1
249,19,3,0
249,20,3,0
250,1,2,0
250,2,2,1
250,3,2,1
250,4,1,1
250,5,1,1
250,6,2,1
250,7,2,1
250,8,3,1
250,9,3,0
250,10,3,0
250,11,3,1
250,12,3,0
250,13,3,1
250,14,4,1
250,15,3,0
250,16,2,0
250,17,1,1
250,18,1,0
250,19,1,1
250,20,2,0
251,1,4,1
251,2,4,0
251,3,3,1
251,4,3,1
251,5,4,1
251,6,4,1
251,7,4,1
251,8,4,1
251,9,3,1
251,10,2,1
251,11,2,1
251,12,3,1
251,13,3,0
251,14,4,0
251,15,4,1
251,16,4,1
251,17,4,0
251,18,4,1
251,19,4,0
251,20,4,0
252,1,4,0
252,2,3,0
252,3,2,0
252,4,2,0
252,5,2,1
252,6,2,1
252,7,1,1
252,8,2,0
252,9,1,0
252,10,1,1
252,11,1,0
252,12,1,1
252,13,1,0
252,14,1,1
252,15,1,0
252,16,1,1
252,17,1,1
252,18,1,1
252,19,2,0
252,20,1,0
253,1,1,0
253,2,2,0
253,3,3,1
253,4,2,0
253,5,1,0
253,6,2,0
253,7,3,1
253,8,2,1
253,9,1,1
253,10,2,0
253,11,1,1
253,12,1,1
253,13,1,1
253,14,2,0
253,15,3,1
253,16,3,1
253,17,2,0
253,18,2,0
253,19,3,0
253,20,2,0
254,1,4,1
254,2,4,0
254,3,4,1
254,4,4,1
254,5,4,1
254,6,3,0
254,7,3,0
254,8,2,1
254,9,1,1
254,10,1,0
254,11,2,1
254,12,2,1
254,13,1,0
254,14,1,0
254,15,1,0
254,16,1,1
254,17,1,1
254,18,1,1
254,19,1,0
254,20,2,0
255,1,4,0
255,2,3,0
255,3,4,0
255,4,4,0
255,5,4,1
255,6,4,1
255,7,3,0
255,8,2,1
255,9,3,0
255,10,2,0
255,11,3,1
255,12,3,1
255,13,3,1
255,14,4,0
255,15,4,1
255,16,3,0
255,17,3,0
255,18,2,0
255,19,2,1
255,20,1,1
256,1,2,1
256,2,2,1
256,3,3,1
256,4,3,0
256,5,3,1
256,6,4,1
256,7,4,1
256,8,3,1
256,9,3,1
256,10,3,1
256,11,2,0
256,12,3,0
256,13,3,1
256,14,3,1
256,15,2,1
256,16,1,1
256,17,1,0
256,18,2,1
256,19,1,0
256,20,1,0
257,1,1,1
257,2,1,1
257,3,1,1
257,4,2,1
257,5,3,0
257,6,4,1
257,7,4,0
257,8,3,1
257,9,3,1
257,10,2,0
257,11,3,0
257,12,2,1
257,13,3,1
257,14,2,1
257,15,3,1
257,16,2,1
257,17,1,0
257,18,2,1
257,19,2,0
257,20,3,0
258,1,3,1
258,2,4,0
258,3,3,0
258,4,3,1
258,5,4,1
258,6,3,0
258,7,2,0
258,8,3,0
258,9,2,0
258,10,2,0
258,11,1,0
258,12,2,1
258,13,3,0
258,14,3,1
258,15,4,0
258,16,4,0
258,17,3,1
258,18,2,0
258,19,1,1
258,20,2,1
259,1,1,1
259,2,1,0
259,3,1,1
259,4,1,1
259,5,2,1
259,6,2,1
259,7,3,1
259,8,4,0
259,9,3,0
259,10,4,0
259,11,4,1
259,12,4,1
259,13,3,1
259,14,2,0
259,15,2,0
259,16,3,1
259,17,2,1
259,18,3,1
259,19,3,1
259,20,3,0
260,1,4,1
260,2,4,1
260,3,4,0
260,4,4,1
260,5,4,0
260,6,4,0
260,7,3,1
260,8,3,0
260,9,3,0
260,10,4,1
260,11,3,0
260,12,2,0
260,13,1,1
260,14,1,0
260,15,2,1
260,16,1,0
260,17,1,0
260,18,1,0
260,19,1,1
260,20,1,0
261,1,3,0
261,2,2,1
261,3,2,0
261,4,2,0
261,5,1,0
261,6,1,0
261,7,1,0
261,8,1,0
261,9,2,1
261,10,2,1
261,11,1,0
261,12,1,1
261,13,1,0
261,14,2,0
261,15,2,1
261,16,3,0
261,17,3,0
261,18,4,0
261,19,3,1
261,20,2,0
262,1,4,0
262,2,4,0
262,3,4,1
262,4,3,1
262,5,2,0
262,6,3,1
262,7,2,0
262,8,1,1
262,9,1,0
262,10,2,1
262,11,1,0
262,12,1,1
262,13,2,1
262,14,2,1
262,15,2,0
262,16,2,0
262,17,3,0
262,18,4,0
262,19,4,0
262,20,3,0
263,1,1,0
263,2,2,1
263,3,2,0
263,4,2,0
263,5,2,1
263,6,3,0
263,7,4,1
263,8,4,1
263,9,4,0
263,10,4,0
263,11,4,1
263,12,4,1
263,13,3,0
263,14,3,1
263,15,2,1
263,16,1,0
263,17,1,1
263,18,2,1
263,19,2,0
263,20,1,0
264,1,4,0
264,2,4,1
264,3,4,1
264,4,4,1
264,5,4,0
264,6,3,0
264,7,3,0
264,8,2,1
264,9,1,1
264,10,2,0
264,11,2,1
264,12,3,1
264,13,4,1
264,14,4,0
264,15,4,1
264,16,4,1
264,17,4,0
264,18,3,0
264,19,3,0
264,20,2,1
265,1,3,1
265,2,2,0
265,3,3,1
265,4,4,0
265,5,3,1
265,6,2,1
265,7,1,0
265,8,2,0
265,9,2,1
265,10,2,1
265,11,2,1
265,12,2,0
265,13,2,1
265,14,3,1
265,15,4,1
265,16,4,1
265,17,3,1
265,18,4,1
265,19,4,1
265,20,4,0
266,1,1,1
266,2,2,0
266,3,3,1
266,4,4,0
266,5,4,0
266,6,4,1
266,7,3,1
266,8,3,1
266,9,4,1
266,10,3,0
266,11,4,1
266,12,4,1
266,13,3,0
266,14,2,1
266,15,1,1
266,16,1,0
266,17,2,0
266,18,3,0
266,19,4,1
266,20,4,0
267,1,3,0
267,2,2,0
267,3,3,0
267,4,4,1
267,5,3,1
267,6,3,1
267,7,4,1
267,8,4,1
267,9,4,1
267,10,3,0
267,11,2,0
267,12,3,1
267,13,2,1
267,14,2,0
267,15,3,1
267,16,3,0
267,17,3,1
267,18,4,0
267,19,3,1
267,20,2,1
268,1,1,1
268,2,2,1
268,3,2,1
268,4,3,1
268,5,3,0
268,6,4,0
268,7,4,1
268,8,4,1
268,9,3,0
268,10,4,1
268,11,3,1
268,12,3,0
268,13,3,1
268,14,3,0
268,15,4,1
268,16,4,1
268,17,4,0
268,18,4,0
268,19,3,0
268,20,4,1
269,1,2,0
269,2,1,0
269,3,1,0
269,4,2,0
269,5,2,1
269,6,2,1
269,7,1,0
269,8,1,1
269,9,1,0
269,10,1,1
269,11,2,0
269,12,2,0
269,13,3,1
269,14,2,0
269,15,1,1
269,16,1,0
269,17,1,1
269,18,2,1
269,19,3,0
269,20,3,1
270,1,3,1
270,2,2,0
270,3,1,1
270,4,2,1
270,5,3,1
270,6,4,1
270,7,3,1
270,8,3,0
270,9,3,1
270,10,3,0
270,11,4,1
270,12,3,0
270,13,4,1
270,14,4,0
270,15,3,0
270,16,2,1
270,17,3,1
270,18,2,1
270,19,1,0
270,20,2,1
271,1,1,0
271,2,2,1
271,3,1,0
271,4,1,1
271,5,1,1
271,6,1,1
271,7,1,0
271,8,1,1
271,9,2,0
271,10,2,0
271,11,2,0
271,12,3,0
271,13,4,1
271,14,3,0
271,15,2,0
271,16,1,0
271,17,2,0
271,18,3,1
271,19,4,1
271,20,4,0
272,1,4,0
272,2,4,1
272,3,4,1
272,4,3,1
272,5,3,0
272,6,4,0
272,7,4,0
272,8,4,1
272,9,4,1
272,10,3,0
272,11,2,0
272,12,2,0
272,13,3,1
272,14,3,1
272,15,3,1
272,16,2,1
272,17,3,0
272,18,3,1
272,19,2,0
272,20,3,0
273,1,1,1
273,2,1,0
273,3,2,1
273,4,2,0
273,5,3,1
273,6,2,0
273,7,2,0
273,8,2,1
273,9,3,1
273,10,2,0
273,11,3,1
273,12,4,1
273,13,4,0
273,14,4,1
273,15,3,0
273,16,4,1
273,17,3,1
273,18,3,1
273,19,3,0
273,20,2,0
274,1,2,1
274,2,3,0
274,3,3,1
274,4,2,1
274,5,1,0
274,6,2,0
274,7,1,1
274,8,1,0
274,9,2,0
274,10,3,0
274,11,3,0
274,12,4,1
274,13,3,0
274,14,2,0
274,15,1,1
274,16,2,1
274,17,2,1
274,18,3,0
274,19,2,0
274,20,3,0
275,1,2,0
275,2,1,0
275,3,2,0
275,4,1,0
275,5,2,1
275,6,2,1
275,7,3,1
275,8,4,1
275,9,4,0
275,10,3,0
275,11,2,0
275,12,2,1
275,13,3,1
275,14,4,1
275,15,4,1
275,16,3,0
275,17,4,0
275,18,4,0
275,19,3,0
275,20,2,1
276,1,2,1
276,2,1,0
276,3,1,1
276,4,1,1
276,5,2,1
276,6,3,0
276,7,3,1
276,8,3,0
276,9,4,1
276,10,3,1
276,11,3,0
276,12,2,0
276,13,2,1
276,14,2,1
276,15,3,1
276,16,4,0
276,17,4,1
276,18,4,0
276,19,4,0
276,20,3,1
277,1,4,1
277,2,4,0
277,3,4,0
277,4,3,0
277,5,4,1
277,6,4,1
277,7,4,0
277,8,4,0
277,9,4,0
277,10,3,0
277,11,2,0
277,12,3,0
277,13,4,1
277,14,4,0
277,15,3,1
277,16,3,0
277,17,4,0
277,18,3,1
277,19,3,1
277,20,4,1
278,1,3,0
278,2,4,1
278,3,4,0
278,4,4,1
278,5,4,0
278,6,3,1
278,7,4,1
278,8,4,0
278,9,4,0
278,10,4,1
278,11,3,0
278,12,2,0
278,13,3,1
278,14,2,1
278,15,3,0
278,16,3,0
278,17,3,0
278,18,2,1
278,19,3,1
278,20,3,0
279,1,3,0
279,2,2,1
279,3,3,0
279,4,2,0
279,5,1,1
279,6,2,0
279,7,3,1
279,8,2,0
279,9,3,0
279,10,4,0
279,11,4,1
279,12,4,1
279,13,4,0
279,14,3,1
279,15,3,0
279,16,2,1
279,17,1,0
279,18,1,0
279,19,1,0
279,20,2,0
280,1,3,0
280,2,3,0
280,3,2,0
280,4,2,1
280,5,1,1
280,6,2,1
280,7,1,0
280,8,1,1
280,9,1,1
280,10,2,1
280,11,2,0
280,12,2,1
280,13,2,1
280,14,2,0
280,15,2,0
280,16,2,1
280,17,1,1
280,18,1,1
280,19,1,1
280,20,1,0
281,1,2,0
281,2,1,0
281,3,2,0
281,4,2,1
281,5,2,0
281,6,2,1
281,7,2,1
281,8,2,1
281,9,2,0
281,10,3,0
281,11,3,1
281,12,3,1
281,13,4,0
281,14,3,0
281,15,2,0
281,16,1,1
281,17,2,1
281,18,3,1
281,19,3,1
281,20,2,1
282,1,4,1
282,2,4,0
282,3,4,1
282,4,4,0
282,5,4,0
282,6,4,0
282,7,4,0
282,8,4,1
282,9,3,1
282,10,4,0
282,11,4,1
282,12,3,1
282,13,2,0
282,14,3,1
282,15,4,0
282,16,4,1
282,17,4,0
282,18,3,0
282,19,2,0
282,20,2,0
283,1,4,0
283,2,4,0
283,3,4,1
283,4,4,1
283,5,4,1
283,6,3,0
283,7,4,0
283,8,4,1
283,9,4,1
283,10,4,1
283,11,3,1
283,12,4,1
283,13,4,1
283,14,3,1
283,15,3,0
283,16,3,1
283,17,3,0
283,18,2,1
283,19,3,1
283,20,4,1
284,1,3,1
284,2,2,1
284,3,2,0
284,4,3,1
284,5,4,1
284,6,3,1
284,7,3,0
284,8,4,0
284,9,3,1
284,10,2,0
284,11,1,0
284,12,1,0
284,13,2,1
284,14,2,1
284,15,3,1
284,16,2,0
284,17,1,0
284,18,1,0
284,19,1,1
284,20,1,0
285,1,4,1
285,2,4,0
285,3,4,0
285,4,4,1
285,5,3,0
285,6,4,0
285,7,3,1
285,8,3,0
285,9,2,1
285,10,1,0
285,11,1,0
285,12,1,0
285,13,2,0
285,14,1,0
285,15,1,0
285,16,2,1
285,17,3,0
285,18,3,0
285,19,3,1
285,20,2,1
286,1,1,1
286,2,1,0
286,3,1,1
286,4,1,0
286,5,1,1
286,6,1,1
286,7,1,1
286,8,1,1
286,9,1,1
286,10,1,0
286,11,2,1
286,12,2,0
286,13,3,0
286,14,2,0
286,15,3,0
286,16,4,1
286,17,4,0
286,18,4,0
286,19,4,1
286,20,3,1
287,1,2,0
287,2,3,0
287,3,2,0
287,4,1,0
287,5,1,0
287,6,2,1
287,7,3,1
287,8,2,1
287,9,3,0
287,10,2,0
287,11,1,1
287,12,2,1
287,13,2,0
287,14,1,1
287,15,1,0
287,16,1,0
287,17,2,0
287,18,3,0
287,19,4,0
287,20,4,1
288,1,2,0
288,2,1,1
288,3,1,1
288,4,1,1
288,5,2,0
288,6,3,0
288,7,2,0
288,8,3,0
288,9,2,1
288,10,1,0
288,11,1,1
288,12,1,0
288,13,1,1
288,14,2,1
288,15,1,0
288,16,2,1
288,17,3,0
288,18,4,0
288,19,4,1
288,20,4,1
289,1,2,1
289,2,3,1
289,3,3,0
289,4,3,0
289,5,3,0
289,6,2,1
289,7,3,0
289,8,3,0
289,9,2,1
289,10,1,0
289,11,1,1
289,12,1,0
289,13,1,0
289,14,1,1
289,15,1,0
289,16,1,1
289,17,2,1
289,18,2,1
289,19,1,1
289,20,1,0
290,1,1,1
290,2,1,1
290,3,1,0
290,4,1,0
290,5,2,0
290,6,3,0
290,7,4,1
290,8,4,0
290,9,4,0
290,10,4,1
290,11,4,0
290,12,3,0
290,13,2,1
290,14,3,0
290,15,3,0
290,16,2,1
290,17,3,0
290,18,4,1
290,19,4,1
290,20,4,0
291,1,2,0
291,2,3,0
291,3,2,1
291,4,2,0
291,5,1,0
291,6,1,0
291,7,1,0
291,8,2,1
291,9,3,1
291,10,3,0
291,11,3,1
291,12,3,0
291,13,4,1
291,14,3,1
291,15,4,0
291,16,4,1
291,17,4,1
291,18,4,1
291,19,4,0
291,20,4,0
292,1,3,1
292,2,3,1
292,3,2,0
292,4,1,1
292,5,1,0
292,6,1,1
292,7,2,1
292,8,3,1
292,9,4,1
292,10,4,0
292,11,4,1
292,12,4,0
292,13,3,1
292,14,3,1
292,15,3,0
292,16,3,1
292,17,4,1
292,18,4,1
292,19,4,0
292,20,4,1
293,1,2,0
293,2,3,1
293,3,4,1
293,4,4,0
293,5,4,1
293,6,3,0
293,7,3,1
293,8,3,1
293,9,2,0
293,10,3,1
293,11,2,1
293,12,2,0
293,13,2,1
293,14,2,1
293,15,2,1
293,16,1,1
293,17,1,0
293,18,2,1
293,19,2,1
293,20,2,1
294,1,4,1
294,2,4,1
294,3,4,0
294,4,3,0
294,5,4,1
294,6,4,0
294,7,4,1
294,8,4,0
294,9,4,1
294,10,4,1
294,11,3,1
294,12,4,0
294,13,4,1
294,14,4,1
294,15,4,0
294,16,4,0
294,17,4,1
294,18,4,1
294,19,4,1
294,20,3,0
295,1,3,0
295,2,4,0
295,3,4,1
295,4,4,1
295,5,4,1
295,6,3,0
295,7,4,1
295,8,3,0
295,9,3,1
295,10,2,0
295,11,2,1
295,12,2,0
295,13,2,1
295,14,1,0
295,15,1,1
295,16,1,0
295,17,2,1
295,18,2,0
295,19,2,0
295,20,1,0
296,1,1,0
296,2,2,1
296,3,1,1
296,4,1,0
296,5,1,0
296,6,1,0
296,7,1,1
296,8,1,0
296,9,1,1
296,10,1,1
296,11,1,1
296,12,1,1
296,13,1,0
296,14,2,0
296,15,3,0
296,16,2,1
296,17,1,0
296,18,1,1
296,19,2,1
296,20,2,1
297,1,2,0
297,2,3,0
297,3,4,0
297,4,3,1
297,5,3,0
297,6,3,0
297,7,3,0
297,8,2,0
297,9,2,1
297,10,1,1
297,11,1,0
297,12,1,1
297,13,1,0
297,14,1,0
297,15,1,0
297,16,1,0
297,17,2,0
297,18,2,1
297,19,3,1
297,20,2,0
298,1,1,0
298,2,2,0
298,3,3,1
298,4,2,1
298,5,3,0
298,6,3,0
298,7,2,0
298,8,3,1
298,9,3,0
298,10,2,1
298,11,3,1
298,12,3,0
298,13,4,1
298,14,4,0
298,15,4,1
298,16,4,1
298,17,4,1
298,18,3,0
298,19,3,0
298,20,2,0
299,1,3,0
299,2,2,1
299,3,3,1
299,4,2,0
299,5,2,0
299,6,2,0
299,7,2,1
299,8,2,0
299,9,3,1
299,10,4,0
299,11,3,1
299,12,2,1
299,13,1,1
299,14,1,0
299,15,1,1
299,16,1,1
299,17,1,1
299,18,1,1
299,19,1,0
299,20,1,0
300,1,3,1
300,2,2,1
300,3,3,1
300,4,3,1
300,5,3,0
300,6,2,0
300,7,2,1
300,8,1,0
300,9,1,0
300,10,2,1
300,11,1,1
300,12,1,1
300,13,2,1
300,14,1,1
300,15,2,1
300,16,3,0
300,17,2,1
300,18,3,1
300,19,3,0
300,20,3,0
301,1,1,0
301,2,2,0
301,3,3,0
301,4,3,0
301,5,3,0
301,6,2,1
301,7,2,0
301,8,2,1
301,9,1,0
301,10,1,0
301,11,2,1
301,12,1,1
301,13,1,1
301,14,1,1
301,15,2,0
301,16,1,1
301,17,1,0
301,18,1,0
301,19,1,0
301,20,1,1
302,1,1,0
302,2,1,0
302,3,1,1
302,4,1,1
302,5,1,1
302,6,1,1
302,7,1,0
302,8,1,0
302,9,2,0
302,10,1,0
302,11,1,1
302,12,2,1
302,13,1,0
302,14,1,0
302,15,2,0
302,16,3,0
302,17,2,1
302,18,2,0
302,19,3,1
302,20,3,0
303,1,4,1
303,2,3,0
303,3,4,1
303,4,4,1
303,5,3,1
303,6,2,1
303,7,2,1
303,8,2,0
303,9,3,0
303,10,3,0
303,11,4,1
303,12,4,1
303,13,4,0
303,14,4,0
303,15,3,0
303,16,3,1
303,17,4,0
303,18,4,0
303,19,3,0
303,20,3,0
304,1,4,0
304,2,4,0
304,3,4,1
304,4,4,0
304,5,4,0
304,6,4,0
304,7,4,1
304,8,3,1
304,9,4,0
304,10,4,0
304,11,4,1
304,12,4,0
304,13,3,1
304,14,2,1
304,15,1,1
304,16,1,1
304,17,2,0
304,18,2,1
304,19,3,0
304,20,4,0
305,1,2,1
305,2,1,0
305,3,1,0
305,4,1,0
305,5,1,1
305,6,1,1
305,7,1,0
305,8,2,0
305,9,2,0
305,10,3,0
305,11,4,0
305,12,4,0
305,13,4,0
305,14,3,1
305,15,2,1
305,16,3,0
305,17,2,1
305,18,1,0
305,19,1,1
305,20,1,1
306,1,3,0
306,2,2,1
306,3,2,1
306,4,3,0
306,5,4,0
306,6,3,0
306,7,2,0
306,8,1,0
306,9,1,0
306,10,1,1
306,11,2,1
306,12,2,0
306,13,2,1
306,14,2,1
306,15,1,0
306,16,1,1
306,17,2,1
306,18,2,0
306,19,3,0
306,20,2,0
307,1,2,0
307,2,1,0
307,3,2,1
307,4,2,0
307,5,1,1
307,6,1,1
307,7,2,1
307,8,3,1
307,9,4,0
307,10,3,1
307,11,4,0
307,12,4,1
307,13,4,1
307,14,4,1
307,15,3,1
307,16,2,1
307,17,1,1
307,18,2,0
307,19,3,1
307,20,3,1
308,1,4,1
308,2,4,1
308,3,3,1
308,4,2,1
308,5,2,0
308,6,3,0
308,7,3,1
308,8,4,1
308,9,3,0
308,10,3,0
308,11,4,0
308,12,4,0
308,13,4,0
308,14,4,0
308,15,3,0
308,16,4,1
308,17,3,0
308,18,3,1
308,19,2,0
308,20,2,1
309,1,4,1
309,2,3,0
309,3,4,1
309,4,3,0
309,5,2,1
309,6,2,0
309,7,1,0
309,8,2,0
309,9,3,1
309,10,2,1
309,11,3,0
309,12,2,1
309,13,2,1
309,14,1,1
309,15,2,0
309,16,1,0
309,17,1,0
309,18,2,0
309,19,1,0
309,20,1,1
310,1,2,0
310,2,1,1
310,3,2,1
310,4,3,0
310,5,2,1
310,6,2,1
310,7,2,1
310,8,3,0
310,9,4,0
310,10,3,0
310,11,4,1
310,12,3,1
310,13,3,1
310,14,3,1
310,15,4,0
310,16,4,0
310,17,4,0
310,18,4,0
310,19,3,0
310,20,4,1
311,1,1,0
311,2,2,1
311,3,2,1
311,4,1,1
311,5,1,1
311,6,2,0
311,7,1,1
311,8,1,0
311,9,1,1
311,10,1,0
311,11,1,0
311,12,2,0
311,13,2,0
311,14,2,1
311,15,2,1
311,16,2,0
311,17,1,1
311,18,1,0
311,19,1,0
311,20,1,1
312,1,2,0
312,2,3,1
312,3,2,0
312,4,2,1
312,5,1,1
312,6,1,1
312,7,2,1
312,8,2,0
312,9,2,1
312,10,3,1
312,11,3,0
312,12,2,0
312,13,3,0
312,14,3,0
312,15,4,0
312,16,3,0
312,17,2,1
312,18,3,0
312,19,4,1
312,20,3,0
313,1,2,0
313,2,3,0
313,3,2,0
313,4,2,1
313,5,1,0
313,6,2,0
313,7,2,1
313,8,1,0
313,9,1,1
313,10,2,0
313,11,1,1
313,12,1,0
313,13,1,0
313,14,1,1
313,15,1,1
313,16,2,0
313,17,1,1
313,18,2,0
313,19,3,1
313,20,3,1
314,1,2,1
314,2,1,0
314,3,2,1
314,4,2,1
314,5,2,0
314,6,3,0
314,7,3,1
314,8,2,1
314,9,2,0
314,10,1,1
314,11,2,1
314,12,1,0
314,13,2,1
314,14,2,0
314,15,2,0
314,16,3,1
314,17,2,0
314,18,1,1
314,19,1,1
314,20,1,0
315,1,3,1
315,2,4,0
315,3,4,1
315,4,4,0
315,5,4,1
315,6,3,0
315,7,4,1
315,8,3,0
315,9,4,1
315,10,4,0
315,11,4,0
315,12,4,0
315,13,3,1
315,14,4,1
315,15,3,0
315,16,4,0
315,17,4,0
315,18,3,1
315,19,2,1
315,20,1,0
316,1,1,1
316,2,1,1
316,3,1,1
316,4,1,0
316,5,2,0
316,6,3,1
316,7,2,0
316,8,1,1
316,9,1,1
316,10,2,0
316,11,2,1
316,12,2,1
316,13,3,1
316,14,3,1
316,15,3,1
316,16,2,1
316,17,1,0
316,18,1,0
316,19,2,0
316,20,2,0
317,1,2,0
317,2,3,1
317,3,2,0
317,4,2,0
317,5,2,1
317,6,3,1
317,7,4,1
317,8,3,0
317,9,2,0
317,10,1,0
317,11,1,0
317,12,2,1
317,13,3,1
317,14,3,0
317,15,3,1
317,16,3,1
317,17,4,1
317,18,4,0
317,19,3,1
317,20,4,1
318,1,4,1
318,2,4,1
318,3,4,1
318,4,3,1
318,5,2,0
318,6,2,1
318,7,1,0
318,8,2,1
318,9,2,1
318,10,3,1
318,11,4,0
318,12,4,0
318,13,3,1
318,14,2,0
318,15,3,0
318,16,4,1
318,17,3,1
318,18,4,0
318,19,3,0
318,20,4,0
319,1,4,1
319,2,4,1
319,3,4,0
319,4,4,0
319,5,4,0
319,6,3,0
319,7,4,1
319,8,4,1
319,9,4,0
319,10,4,0
319,11,4,0
319,12,4,1
319,13,4,0
319,14,4,1
319,15,4,0
319,16,4,0
319,17,3,0
319,18,4,1
319,19,4,0
319,20,3,0
320,1,2,1
320,2,3,1
320,3,2,0
320,4,2,1
320,5,3,1
320,6,3,1
320,7,2,0
320,8,1,0
320,9,2,1
320,10,2,1
320,11,1,1
320,12,1,1
320,13,2,0
320,14,1,0
320,15,1,0
320,16,1,0
320,17,2,0
320,18,2,0
320,19,1,0
320,20,1,0
321,1,3,0
321,2,4,0
321,3,4,1
321,4,3,0
321,5,2,1
321,6,3,0
321,7,3,1
321,8,3,0
321,9,4,0
321,10,4,1
321,11,4,1
321,12,4,1
321,13,4,0
321,14,3,0
321,15,3,1
321,16,2,0
321,17,3,0
321,18,4,0
321,19,4,1
321,20,4,1
322,1,3,1
322,2,3,1
322,3,4,0
322,4,4,0
322,5,4,0
322,6,4,1
322,7,3,1
322,8,3,0
322,9,4,0
322,10,4,0
322,11,4,0
322,12,4,0
322,13,3,0
322,14,4,0
322,15,4,0
322,16,4,0
322,17,4,0
322,18,3,1
322,19,3,0
322,20,4,1
323,1,4,1
323,2,4,1
323,3,4,0
323,4,4,1
323,5,4,0
323,6,4,0
323,7,3,1
323,8,4,1
323,9,3,0
323,10,3,1
323,11,3,1
323,12,4,1
323,13,3,1
323,14,4,1
323,15,4,0
323,16,4,0
323,17,3,1
323,18,4,0
323,19,4,0
323,20,4,1
324,1,3,0
324,2,3,0
324,3,4,0
324,4,3,1
324,5,2,0
324,6,2,1
324,7,3,0
324,8,4,1
324,9,3,1
324,10,2,1
324,11,1,1
324,12,2,1
324,13,3,1
324,14,2,0
324,15,3,0
324,16,2,1
324,17,1,0
324,18,1,0
324,19,1,1
324,20,1,1
325,1,2,0
325,2,3,0
325,3,3,1
325,4,3,1
325,5,4,1
325,6,4,0
325,7,3,1
325,8,2,1
325,9,3,1
325,10,2,0
325,11,2,1
325,12,3,0
325,13,2,1
325,14,2,0
325,15,1,1
325,16,1,1
325,17,2,1
325,18,2,0
325,19,2,0
325,20,3,1
326,1,4,0
326,2,4,1
326,3,4,1
326,4,4,0
326,5,4,0
326,6,3,1
326,7,3,0
326,8,2,0
326,9,1,1
326,10,1,1
326,11,2,0
326,12,2,0
326,13,2,0
326,14,2,0
326,15,3,1
326,16,2,1
326,17,3,0
326,18,3,0
326,19,4,0
326,20,4,0
327,1,2,1
327,2,3,1
327,3,2,1
327,4,1,0
327,5,1,0
327,6,2,1
327,7,2,1
327,8,3,0
327,9,2,0
327,10,2,0
327,11,2,1
327,12,3,0
327,13,2,1
327,14,2,1
327,15,3,0
327,16,4,0
327,17,4,1
327,18,4,0
327,19,4,0
327,20,3,0
328,1,1,1
328,2,1,0
328,3,2,1
328,4,2,0
328,5,2,0
328,6,1,0
328,7,2,0
328,8,2,1
328,9,1,0
328,10,2,0
328,11,3,1
328,12,2,1
328,13,2,0
328,14,3,0
328,15,2,0
328,16,3,0
328,17,3,0
328,18,4,0
328,19,4,1
328,20,4,0
329,1,4,0
329,2,4,1
329,3,4,0
329,4,3,1
329,5,3,1
329,6,4,1
329,7,4,1
329,8,4,0
329,9,3,1
329,10,3,1
329,11,3,0
329,12,2,1
329,13,1,1
329,14,1,0
329,15,2,0
329,16,3,0
329,17,2,1
329,18,1,1
329,19,1,1
329,20,1,0
330,1,1,1
330,2,2,0
330,3,3,0
330,4,2,0
330,5,1,1
330,6,2,1
330,7,2,0
330,8,1,0
330,9,1,0
330,10,1,0
330,11,1,1
330,12,1,1
330,13,2,1
330,14,1,0
330,15,1,0
330,16,2,0
330,17,3,1
330,18,3,1
330,19,4,0
330,20,3,0
331,1,1,0
331,2,1,1
331,3,1,1
331,4,1,1
331,5,1,1
331,6,1,0
331,7,1,1
331,8,1,0
331,9,1,1
331,10,1,0
331,11,2,0
331,12,1,1
331,13,1,1
331,14,2,1
331,15,1,1
331,16,2,0
331,17,2,1
331,18,1,1
331,19,1,1
331,20,1,0
332,1,2,0
332,2,1,1
332,3,1,1
332,4,1,1
332,5,1,0
332,6,2,0
332,7,3,0
332,8,4,1
332,9,3,0
332,10,2,0
332,11,3,1
332,12,3,0
332,13,3,0
332,14,2,0
332,15,1,0
332,16,1,0
332,17,1,0
332,18,2,1
332,19,1,0
332,20,2,0
333,1,4,1
333,2,3,1
333,3,3,1
333,4,2,0
333,5,3,0
333,6,2,0
333,7,3,1
333,8,2,1
333,9,3,1
333,10,3,1
333,11,2,0
333,12,2,0
333,13,2,1
333,14,2,0
333,15,1,1
333,16,1,0
333,17,1,0
333,18,1,1
333,19,2,1
333,20,1,0
334,1,1,1
334,2,1,1
334,3,1,1
334,4,2,1
334,5,2,0
334,6,2,0
334,7,3,0
334,8,3,0
334,9,2,0
334,10,2,1
334,11,1,1
334,12,1,0
334,13,1,1
334,14,1,0
334,15,1,1
334,16,1,1
334,17,1,0
334,18,2,1
334,19,2,1
334,20,3,1
335,1,1,0
335,2,1,1
335,3,1,1
335,4,1,0
335,5,1,1
335,6,2,0
335,7,1,1
335,8,2,0
335,9,1,1
335,10,2,1
335,11,1,1
335,12,1,1
335,13,1,0
335,14,1,0
335,15,1,1
335,16,1,1
335,17,1,0
335,18,1,1
335,19,1,0
335,20,1,1
336,1,1,1
336,2,2,0
336,3,1,1
336,4,1,1
336,5,2,1
336,6,3,1
336,7,2,1
336,8,1,0
336,9,1,0
336,10,1,1
336,11,1,1
336,12,1,1
336,13,1,1
336,14,1,1
336,15,2,1
336,16,3,1
336,17,2,0
336,18,2,0
336,19,1,0
336,20,1,1
337,1,1,1
337,2,1,1
337,3,1,1
337,4,1,0
337,5,1,0
337,6,2,1
337,7,2,1
337,8,3,1
337,9,2,0
337,10,1,0
337,11,1,1
337,12,1,1
337,13,1,0
337,14,2,1
337,15,1,0
337,16,2,0
337,17,1,1
337,18,1,1
337,19,1,0
337,20,1,0
338,1,1,1
338,2,1,1
338,3,1,1
338,4,2,1
338,5,3,1
338,6,2,1
338,7,2,0
338,8,1,1
338,9,1,1
338,10,1,1
338,11,1,0
338,12,1,1
338,13,2,1
338,14,3,1
338,15,3,1
338,16,2,0
338,17,2,0
338,18,3,1
338,19,3,0
338,20,3,1
339,1,2,0
339,2,1,0
339,3,2,1
339,4,2,1
339,5,2,1
339,6,2,1
339,7,1,1
339,8,1,1
339,9,1,0
339,10,1,0
339,11,1,1
339,12,1,1
339,13,1,0
339,14,1,1
339,15,1,0
339,16,2,0
339,17,3,1
339,18,2,0
339,19,3,1
339,20,3,0
340,1,3,0
340,2,4,1
340,3,3,0
340,4,2,0
340,5,2,0
340,6,2,0
340,7,3,0
340,8,3,0
340,9,4,1
340,10,4,0
340,11,4,0
340,12,4,1
340,13,4,1
340,14,3,0
340,15,2,0
340,16,1,1
340,17,2,0
340,18,1,1
340,19,2,0
340,20,1,1
341,1,2,1
341,2,3,1
341,3,3,0
341,4,4,1
341,5,3,0
341,6,4,0
341,7,3,0
341,8,2,0
341,9,2,1
341,10,2,0
341,11,1,1
341,12,1,0
341,13,1,1
341,14,1,0
341,15,1,0
341,16,1,1
341,17,1,1
341,18,1,1
341,19,2,1
341,20,2,0
342,1,1,0
342,2,1,0
342,3,1,1
342,4,1,1
342,5,1,1
342,6,1,0
342,7,1,0
342,8,1,0
342,9,1,1
342,10,1,1
342,11,1,1
342,12,1,1
342,13,2,0
342,14,2,1
342,15,2,0
342,16,1,0
342,17,1,0
342,18,2,1
342,19,3,0
342,20,2,0
343,1,1,1
343,2,1,1
343,3,2,0
343,4,2,1
343,5,2,1
343,6,1,1
343,7,1,1
343,8,1,0
343,9,1,1
343,10,1,1
343,11,1,1
343,12,2,1
343,13,2,0
343,14,2,0
343,15,1,1
343,16,1,0
343,17,2,1
343,18,2,1
343,19,3,0
343,20,4,0
344,1,3,1
344,2,2,1
344,3,2,1
344,4,3,1
344,5,4,1
344,6,4,1
344,7,3,0
344,8,3,1
344,9,4,0
344,10,4,0
344,11,4,1
344,12,3,1
344,13,2,1
344,14,1,1
344,15,2,1
344,16,2,0
344,17,3,0
344,18,3,1
344,19,2,1
344,20,3,1
345,1,3,0
345,2,4,0
345,3,4,1
345,4,3,1
345,5,3,1
345,6,3,1
345,7,4,0
345,8,4,0
345,9,3,0
345,10,4,0
345,11,3,0
345,12,4,1
345,13,4,1
345,14,4,1
345,15,4,0
345,16,3,1
345,17,2,1
345,18,3,1
345,19,2,1
345,20,1,0
346,1,2,0
346,2,3,1
346,3,4,1
346,4,4,0
346,5,3,1
346,6,2,0
346,7,2,1
346,8,3,1
346,9,4,0
346,10,4,0
346,11,4,0
346,12,4,0
346,13,3,1
346,14,3,0
346,15,2,1
346,16,1,1
346,17,1,0
346,18,1,0
346,19,1,1
346,20,2,1
347,1,4,1
347,2,3,0
347,3,2,0
347,4,1,0
347,5,2,1
347,6,2,1
347,7,3,1
347,8,3,0
347,9,3,0
347,10,4,1
347,11,3,0
347,12,3,0
347,13,3,0
347,14,2,0
347,15,1,1
347,16,1,0
347,17,2,0
347,18,1,0
347,19,2,0
347,20,1,0
348,1,2,0
348,2,2,0
348,3,1,0
348,4,1,1
348,5,1,1
348,6,1,0
348,7,1,0
348,8,2,0
348,9,1,1
348,10,1,1
348,11,1,1
348,12,2,1
348,13,3,0
348,14,3,0
348,15,3,0
348,16,2,1
348,17,1,0
348,18,1,0
348,19,1,0
348,20,1,0
349,1,2,0
349,2,3,1
349,3,2,1
349,4,3,1
349,5,4,1
349,6,3,0
349,7,2,1
349,8,1,0
349,9,2,0
349,10,1,1
349,11,1,0
349,12,2,0
349,13,2,1
349,14,3,0
349,15,4,1
349,16,4,1
349,17,4,1
349,18,3,0
349,19,3,1
349,20,4,0
350,1,2,0
350,2,1,0
350,3,2,0
350,4,3,0
350,5,4,0
350,6,3,1
350,7,3,0
350,8,3,1
350,9,3,0
350,10,4,0
350,11,3,0
350,12,4,1
350,13,3,0
350,14,4,0
350,15,4,0
350,16,4,1
350,17,4,1
350,18,3,0
350,19,3,0
350,20,4,0
351,1,1,1
351,2,1,0
351,3,1,0
351,4,1,0
351,5,1,1
351,6,1,1
351,7,2,1
351,8,3,1
351,9,4,1
351,10,4,1
351,11,4,0
351,12,3,0
351,13,3,1
351,14,4,1
351,15,3,1
351,16,4,1
351,17,4,0
351,18,4,0
351,19,4,0
351,20,3,1
352,1,3,1
352,2,4,0
352,3,4,1
352,4,4,1
352,5,4,0
352,6,3,1
352,7,2,0
352,8,1,0
352,9,1,0
352,10,2,0
352,11,3,0
352,12,4,0
352,13,4,1
352,14,4,0
352,15,3,1
352,16,3,0
352,17,2,1
352,18,3,0
352,19,3,1
352,20,4,1
353,1,4,1
353,2,4,0
353,3,4,0
353,4,4,0
353,5,3,1
353,6,3,0
353,7,4,1
353,8,4,0
353,9,4,0
353,10,4,1
353,11,4,1
353,12,4,0
353,13,4,1
353,14,4,0
353,15,3,1
353,16,3,0
353,17,4,1
353,18,4,1
353,19,3,1
353,20,2,1
354,1,4,0
354,2,4,1
354,3,4,0
354,4,3,0
354,5,3,1
354,6,3,1
354,7,2,0
354,8,1,0
354,9,1,1
354,10,2,0
354,11,2,0
354,12,1,0
354,13,1,0
354,14,2,1
354,15,2,1
354,16,3,0
354,17,4,1
354,18,4,0
354,19,3,1
354,20,4,1
355,1,1,0
355,2,1,0
355,3,1,1
355,4,1,1
355,5,1,1
355,6,2,1
355,7,3,1
355,8,3,0
355,9,4,0
355,10,3,0
355,11,2,1
355,12,3,0
355,13,2,1
355,14,1,0
355,15,2,1
355,16,2,1
355,17,3,1
355,18,4,0
355,19,4,1
355,20,3,1
356,1,1,1
356,2,1,1
356,3,1,0
356,4,2,1
356,5,3,0
356,6,3,1
356,7,4,1
356,8,4,0
356,9,3,1
356,10,4,1
356,11,4,0
356,12,3,1
356,13,4,1
356,14,4,1
356,15,4,1
356,16,3,0
356,17,3,0
356,18,2,1
356,19,2,0
356,20,1,1
357,1,1,0
357,2,1,0
357,3,1,1
357,4,1,1
357,5,2,0
357,6,1,0
357,7,1,1
357,8,1,1
357,9,2,1
357,10,2,1
357,11,3,1
357,12,4,0
357,13,3,1
357,14,3,1
357,15,2,0
357,16,3,1
357,17,3,0
357,18,4,1
357,19,4,0
357,20,4,0
358,1,2,1
358,2,3,1
358,3,3,1
358,4,4,0
358,5,4,0
358,6,4,0
358,7,4,1
358,8,4,1
358,9,4,0
358,10,4,1
358,11,3,0
358,12,3,0
358,13,3,1
358,14,4,0
358,15,3,1
358,16,3,1
358,17,4,1
358,18,4,1
358,19,4,0
358,20,4,0
359,1,3,0
359,2,4,1
359,3,4,1
359,4,4,0
359,5,3,1
359,6,3,1
359,7,2,1
359,8,1,1
359,9,1,1
359,10,2,0
359,11,1,0
359,12,1,0
359,13,2,1
359,14,1,1
359,15,1,0
359,16,1,1
359,17,1,1
359,18,1,0
359,19,1,1
359,20,1,1
360,1,1,1
360,2,2,1
360,3,2,1
360,4,3,1
360,5,3,0
360,6,3,1
360,7,2,0
360,8,1,1
360,9,1,0
360,10,2,0
360,11,1,1
360,12,2,0
360,13,1,1
360,14,1,1
360,15,1,1
360,16,1,0
360,17,2,1
360,18,1,1
360,19,2,1
360,20,2,0
361,1,2,1
361,2,2,1
361,3,1,0
361,4,1,1
361,5,1,0
361,6,1,0
361,7,1,1
361,8,1,1
361,9,1,1
361,10,2,1
361,11,3,0
361,12,2,0
361,13,2,0
361,14,2,0
361,15,3,1
361,16,2,1
361,17,3,1
361,18,2,1
361,19,1,1
361,20,2,0
362,1,1,0
362,2,1,0
362,3,2,1
362,4,2,0
362,5,3,1
362,6,3,1
362,7,2,1
362,8,1,0
362,9,1,0
362,10,1,1
362,11,2,1
362,12,3,1
362,13,2,0
362,14,2,1
362,15,2,1
362,16,2,0
362,17,1,0
362,18,1,1
362,19,1,1
362,20,1,1
363,1,2,1
363,2,1,1
363,3,2,0
363,4,1,1
363,5,2,0
363,6,1,0
363,7,2,1
363,8,2,0
363,9,3,1
363,10,4,1
363,11,4,1
363,12,4,1
363,13,3,1
363,14,4,1
363,15,4,0
363,16,4,0
363,17,4,1
363,18,4,1
363,19,4,0
363,20,4,0
364,1,1,0
364,2,1,0
364,3,1,0
364,4,2,0
364,5,2,1
364,6,3,1
364,7,2,1
364,8,1,0
364,9,2,0
364,10,1,0
364,11,1,1
364,12,2,1
364,13,1,1
364,14,1,0
364,15,2,0
364,16,1,1
364,17,2,1
364,18,3,1
364,19,3,0
364,20,3,0
365,1,1,0
365,2,1,1
365,3,1,0
365,4,2,0
365,5,1,0
365,6,2,0
365,7,3,1
365,8,4,1
365,9,3,0
365,10,3,1
365,11,4,0
365,12,4,0
365,13,4,0
365,14,4,0
365,15,4,1
365,16,4,1
365,17,3,1
365,18,4,0
365,19,3,0
365,20,2,1
